unique_id,date,headline,source,url
2020-08-11_ko_0001,2020-08-11,"Dua WN Filipina Masuk Daftar Pemilih di Pilkada Sulut, Kantongi KK dan KTP",Kompas,https://regional.kompas.com/read/2020/08/11/23374231/dua-wn-filipina-masuk-daftar-pemilih-di-pilkada-sulut-kantongi-kk-dan-ktp
2020-08-11_ko_0002,2020-08-11,"Ratusan Pelaku Seni Hiburan Gelar Aksi, Berharap Bisa Manggung Kembali",Kompas,https://regional.kompas.com/read/2020/08/11/23372941/ratusan-pelaku-seni-hiburan-gelar-aksi-berharap-bisa-manggung-kembali
2020-08-11_ko_0003,2020-08-11,"Surabaya Berubah Jadi Zona Oranye, Satgas Sebut Penanganan Kasus Membaik",Kompas,https://nasional.kompas.com/read/2020/08/11/23211231/surabaya-berubah-jadi-zona-oranye-satgas-sebut-penanganan-kasus-membaik
2020-08-11_ko_0004,2020-08-11,MAKI Laporkan Dugaan Komunikasi Pejabat Kejagung dengan Djoko Tjandra,Kompas,https://nasional.kompas.com/read/2020/08/11/23070551/maki-laporkan-dugaan-komunikasi-pejabat-kejagung-dengan-djoko-tjandra
2020-08-11_ko_0005,2020-08-11,Dana Bantuan Pembangunan Rumah Korban Gempa Ambon Telah Cair,Kompas,https://regional.kompas.com/read/2020/08/11/22563781/dana-bantuan-pembangunan-rumah-korban-gempa-ambon-telah-cair
2020-08-11_ko_0006,2020-08-11,Begini Cara MRT Jakarta Relokasi Pohon di Monas dan Thamrin yang Terkena Proyek,Kompas,https://megapolitan.kompas.com/read/2020/08/11/22514071/begini-cara-mrt-jakarta-relokasi-pohon-di-monas-dan-thamrin-yang-terkena
2020-08-11_ko_0007,2020-08-11,Mahasiswa dan Pelajar di Kaltim Dapat Paket Data Internet Gratis Selama 6 Bulan,Kompas,https://regional.kompas.com/read/2020/08/11/22491031/mahasiswa-dan-pelajar-di-kaltim-dapat-paket-data-internet-gratis-selama-6
2020-08-11_ko_0008,2020-08-11,6 Pembobol BNI Ambon Divonis 18 hingga 20 Tahun Penjara,Kompas,https://regional.kompas.com/read/2020/08/11/22460011/6-pembobol-bni-ambon-divonis-18-hingga-20-tahun-penjara
2020-08-11_ko_0009,2020-08-11,"Tak Lengkapi Syarat Ini, Sekolah di Zona Hijau dan Kuning Batal Beroperasi",Kompas,https://nasional.kompas.com/read/2020/08/11/22431171/tak-lengkapi-syarat-ini-sekolah-di-zona-hijau-dan-kuning-batal-beroperasi
2020-08-11_ko_0010,2020-08-11,Gumpalan Minyak di Perairan Pulau Pari Diduga Berasal dari Kapal yang Melintas,Kompas,https://megapolitan.kompas.com/read/2020/08/11/22421351/gumpalan-minyak-di-perairan-pulau-pari-diduga-berasal-dari-kapal-yang
2020-08-11_ko_0011,2020-08-11,"Bocah Disabilitas Ditolak Masuk SD, Ganjar Angkat Bicara",Kompas,https://regional.kompas.com/read/2020/08/11/22391241/bocah-disabilitas-ditolak-masuk-sd-ganjar-angkat-bicara
2020-08-11_ko_0012,2020-08-11,Dirut Sebut Pengerjaan MRT Fase 2A Bagian dari Pemulihan Ekonomi,Kompas,https://megapolitan.kompas.com/read/2020/08/11/22372051/dirut-sebut-pengerjaan-mrt-fase-2a-bagian-dari-pemulihan-ekonomi
2020-08-11_ko_0013,2020-08-11,"Perairan Pulau Pari Dibersihkan dari Limbah Gumpalan Minyak, Terkumpul 380 Karung",Kompas,https://megapolitan.kompas.com/read/2020/08/11/22321381/perairan-pulau-pari-dibersihkan-dari-limbah-gumpalan-minyak-terkumpul-380
2020-08-11_ko_0014,2020-08-11,"Pilkada Gresik, PDI-P Dukung Pasangan Fandi Akhmad Yani-Aminatun Habibah",Kompas,https://regional.kompas.com/read/2020/08/11/22314721/pilkada-gresik-pdi-p-dukung-pasangan-fandi-akhmad-yani-aminatun-habibah
2020-08-11_ko_0015,2020-08-11,Aturan soal Proses Hukum Jaksa Harus Seizin Jaksa Agung Akhirnya Dicabut,Kompas,https://nasional.kompas.com/read/2020/08/11/22265681/aturan-soal-proses-hukum-jaksa-harus-seizin-jaksa-agung-akhirnya-dicabut
2020-08-11_ko_0016,2020-08-11,Siswa SMP di Kota Semarang Bakal Dapat Kuota Internet Gratis untuk Belajar Daring,Kompas,https://regional.kompas.com/read/2020/08/11/22210621/siswa-smp-di-kota-semarang-bakal-dapat-kuota-internet-gratis-untuk-belajar
2020-08-11_ko_0017,2020-08-11,"Dituduh Culik Anak hingga Fotonya Disebar, Pria di Bogor Lapor Polisi",Kompas,https://megapolitan.kompas.com/read/2020/08/11/22185291/dituduh-culik-anak-hingga-fotonya-disebar-pria-di-bogor-lapor-polisi
2020-08-11_ko_0018,2020-08-11,"Tabrakan, Toyota Avanza Terbakar di Tol Bawen",Kompas,https://regional.kompas.com/read/2020/08/11/22073231/tabrakan-toyota-avanza-terbakar-di-tol-bawen
2020-08-11_ko_0019,2020-08-11,"40 Truk Keliling Tangerang Semprot Disinfektan, Wakil Walkot Sebut untuk Ingatkan Pandemi Belum Usai",Kompas,https://megapolitan.kompas.com/read/2020/08/11/22032301/40-truk-keliling-tangerang-semprot-disinfektan-wakil-walkot-sebut-untuk
2020-08-11_ko_0020,2020-08-11,"Lutung Jawa Ditemukan Tergantung, BBKSDA Jatim Selidiki Dugaan Perburuan Liar",Kompas,https://regional.kompas.com/read/2020/08/11/22000571/lutung-jawa-ditemukan-tergantung-bbksda-jatim-selidiki-dugaan-perburuan-liar
2020-08-11_ko_0021,2020-08-11,"Kura-kura Leher Ular di Rote Ndao, NTT, Telah Punah",Kompas,https://regional.kompas.com/read/2020/08/11/21553111/kura-kura-leher-ular-di-rote-ndao-ntt-telah-punah
2020-08-11_ko_0022,2020-08-11,"Jaringan Telkomsel Lumpuh Total di Pekanbaru, Warga Padati Konter Beli Kartu Jaringan Lain",Kompas,https://regional.kompas.com/read/2020/08/11/21543361/jaringan-telkomsel-lumpuh-total-di-pekanbaru-warga-padati-konter-beli-kartu
2020-08-11_ko_0023,2020-08-11,Perbankan di Banyumas Diminta Fasilitasi Tes Swab Karyawan,Kompas,https://regional.kompas.com/read/2020/08/11/21501541/perbankan-di-banyumas-diminta-fasilitasi-tes-swab-karyawan
2020-08-11_ko_0024,2020-08-11,UPDATE 10 Agustus: 17 RW di 15 Kelurahan Kota Bekasi Masuk Zona Merah,Kompas,https://megapolitan.kompas.com/read/2020/08/11/21485801/update-10-agustus-17-rw-di-15-kelurahan-kota-bekasi-masuk-zona-merah
2020-08-11_ko_0025,2020-08-11,"UPDATE 11 Agustus: Bertambah 10, Kasus Covid-19 di Kota Tangerang Kini Ada 647",Kompas,https://megapolitan.kompas.com/read/2020/08/11/21343471/update-11-agustus-bertambah-10-kasus-covid-19-di-kota-tangerang-kini-ada
2020-08-11_ko_0026,2020-08-11,"Di Sidang MK, Pemerintah Bantah Dalil Pemohon Uji Materi UU Penyakit Menular dan UU Karantina Kesehatan",Kompas,https://nasional.kompas.com/read/2020/08/11/21282841/di-sidang-mk-pemerintah-bantah-dalil-pemohon-uji-materi-uu-penyakit-menular
2020-08-11_ko_0027,2020-08-11,"HUT ke-33 Arema, DPRD Kota Malang Janji Ajukan Perda Tentang Arema Day",Kompas,https://regional.kompas.com/read/2020/08/11/21252651/hut-ke-33-arema-dprd-kota-malang-janji-ajukan-perda-tentang-arema-day
2020-08-11_ko_0028,2020-08-11,"Gara-gara Kupon Daging Kurban, Ketua RT Dilaporkan ke Polisi",Kompas,https://regional.kompas.com/read/2020/08/11/21225531/gara-gara-kupon-daging-kurban-ketua-rt-dilaporkan-ke-polisi
2020-08-11_ko_0029,2020-08-11,Sleman Gunakan Sistem E-voting dalam Pelaksanaan Pilkades,Kompas,https://regional.kompas.com/read/2020/08/11/21201301/sleman-gunakan-sistem-e-voting-dalam-pelaksanaan-pilkades
2020-08-11_ko_0030,2020-08-11,"Dituding Lecehkan Anak-anak secara Seksual, Pria di Citayam Nyaris Diamuk Warga",Kompas,https://megapolitan.kompas.com/read/2020/08/11/21063731/dituding-lecehkan-anak-anak-secara-seksual-pria-di-citayam-nyaris-diamuk
2020-08-11_ko_0031,2020-08-11,Perairan Pulau Pari Tercemar Gumpalan Minyak Berwarna Hitam,Kompas,https://megapolitan.kompas.com/read/2020/08/11/21053021/perairan-pulau-pari-tercemar-gumpalan-minyak-berwarna-hitam
2020-08-11_ko_0032,2020-08-11,"Komunitas Cuci Darah Tagih Janji DPR, Wakil Ketua Komisi IX: Janji Itu Kami Follow Up",Kompas,https://nasional.kompas.com/read/2020/08/11/21012651/komunitas-cuci-darah-tagih-janji-dpr-wakil-ketua-komisi-ix-janji-itu-kami
2020-08-11_ko_0033,2020-08-11,Gunungkidul Tunjuk Puskesmas Ponjong II sebagai Tempat Karantina,Kompas,https://regional.kompas.com/read/2020/08/11/20571741/gunungkidul-tunjuk-puskesmas-ponjong-ii-sebagai-tempat-karantina
2020-08-11_ko_0034,2020-08-11,"Ditolak Masuk SD, Bocah Disabilitas Ini Tulis Surat Menyentuh untuk Ganjar",Kompas,https://regional.kompas.com/read/2020/08/11/20562431/ditolak-masuk-sd-bocah-disabilitas-ini-tulis-surat-menyentuh-untuk-ganjar
2020-08-11_ko_0035,2020-08-11,"Kronologi Penyerangan Staf KPU Yahukimo, Korban Dicegat dan Ditikam dari Belakang",Kompas,https://regional.kompas.com/read/2020/08/11/20555581/kronologi-penyerangan-staf-kpu-yahukimo-korban-dicegat-dan-ditikam-dari
2020-08-11_ko_0036,2020-08-11,Zona Merah Covid-19 di Kota Tangerang Kembali Bertambah,Kompas,https://megapolitan.kompas.com/read/2020/08/11/20523611/zona-merah-covid-19-di-kota-tangerang-kembali-bertambah
2020-08-11_ko_0037,2020-08-11,"Jaringan Telkomsel Mati Total di Pekanbaru, Warga: Saya Kira Ponselnya yang Rusak",Kompas,https://regional.kompas.com/read/2020/08/11/20503901/jaringan-telkomsel-mati-total-di-pekanbaru-warga-saya-kira-ponselnya-yang
2020-08-11_ko_0038,2020-08-11,"Hujan Deras dan Saluran Air Tersumbat, Kawasan Lenteng Agung Sempat Terendam",Kompas,https://megapolitan.kompas.com/read/2020/08/11/20502681/hujan-deras-dan-saluran-air-tersumbat-kawasan-lenteng-agung-sempat
2020-08-11_ko_0039,2020-08-11,"Setelah Anji, Polisi Panggil Hadi Pranoto Terkait Video Temuan Obat Covid-19",Kompas,https://megapolitan.kompas.com/read/2020/08/11/20421751/setelah-anji-polisi-panggil-hadi-pranoto-terkait-video-temuan-obat-covid
2020-08-11_ko_0040,2020-08-11,"Staf KPU Yahukimo Tewas Dibacok, Diadang Saat Pulang Mengantar Obat",Kompas,https://regional.kompas.com/read/2020/08/11/20404411/staf-kpu-yahukimo-tewas-dibacok-diadang-saat-pulang-mengantar-obat
2020-08-11_ko_0041,2020-08-11, Aturan soal Proses Hukum Jaksa Mesti Seizin Jaksa Agung Harus Ditarik,Kompas,https://nasional.kompas.com/read/2020/08/11/20374581/pakar-aturan-soal-proses-hukum-jaksa-mesti-seizin-jaksa-agung-harus-ditarik
2020-08-11_ko_0042,2020-08-11,"12 Karyawan Terkonfirmasi Covid-19, Bank Syariah Mandiri Purwokerto Tutup 3 Hari",Kompas,https://regional.kompas.com/read/2020/08/11/20363041/12-karyawan-terkonfirmasi-covid-19-bank-syariah-mandiri-purwokerto-tutup-3
2020-08-11_ko_0043,2020-08-11,"Kasus Proyek Infrastrukur, KPK Dalami Dugaan Aliran Dana ke Pejabat Kota Banjar",Kompas,https://nasional.kompas.com/read/2020/08/11/20332191/kasus-proyek-infrastrukur-kpk-dalami-dugaan-aliran-dana-ke-pejabat-kota
2020-08-11_ko_0044,2020-08-11,"Tak Ada Dana, Insentif Tukang Gali Kubur dan Sopir Ambulans Khusus Covid-19 di Jakarta Tertunda",Kompas,https://megapolitan.kompas.com/read/2020/08/11/20284161/tak-ada-dana-insentif-tukang-gali-kubur-dan-sopir-ambulans-khusus-covid
2020-08-11_ko_0045,2020-08-11,Jokowi Minta Masyarakat Patuh Pakai Masker agar Tak Ada Lagi PSBB,Kompas,https://nasional.kompas.com/read/2020/08/11/20233761/jokowi-minta-masyarakat-patuh-pakai-masker-agar-tak-ada-lagi-psbb
2020-08-11_ko_0046,2020-08-11,Komisi Kejaksaan Nilai Jaksa Agung Terkesan Ingin Lindungi Jaksa yang Diduga Bertemu Djoko Tjandra,Kompas,https://nasional.kompas.com/read/2020/08/11/20191141/komisi-kejaksaan-nilai-jaksa-agung-terkesan-ingin-lindungi-jaksa-yang-diduga
2020-08-11_ko_0047,2020-08-11,Sultan HB X soal Sekolah Dibuka Kembali: Belakangan Saja,Kompas,https://regional.kompas.com/read/2020/08/11/20185721/sultan-hb-x-soal-sekolah-dibuka-kembali-belakangan-saja
2020-08-11_ko_0048,2020-08-11,"Saat Gedung Telkom Terbakar, Sekuriti Sampai Jemput Petugas Damkar karena Jaringan Mati",Kompas,https://regional.kompas.com/read/2020/08/11/20181771/saat-gedung-telkom-terbakar-sekuriti-sampai-jemput-petugas-damkar-karena
2020-08-11_ko_0049,2020-08-11,"Sumsel Mulai Alami Kekeringan, Antisipasi Karhutla Mulai Disiapkan",Kompas,https://regional.kompas.com/read/2020/08/11/20101491/sumsel-mulai-alami-kekeringan-antisipasi-karhutla-mulai-disiapkan
2020-08-11_ko_0050,2020-08-11,"Kebakaran Pasar Ciranjang Cianjur, 1.673 Unit Kios dan Los Ludes Terbakar",Kompas,https://regional.kompas.com/read/2020/08/11/20034321/kebakaran-pasar-ciranjang-cianjur-1673-unit-kios-dan-los-ludes-terbakar
2020-08-11_ko_0051,2020-08-11,"Ancaman Krisis Ekonomi, SBY: Jangan Salahkan Presiden Jokowi",Kompas,https://nasional.kompas.com/read/2020/08/11/20025811/ancaman-krisis-ekonomi-sby-jangan-salahkan-presiden-jokowi
2020-08-11_ko_0052,2020-08-11,"Cari Tambahan Penghasilan dengan Jadi Muncikari, Ibu Rumah Tangga Ini Diamankan Polisi",Kompas,https://regional.kompas.com/read/2020/08/11/20011021/cari-tambahan-penghasilan-dengan-jadi-muncikari-ibu-rumah-tangga-ini
2020-08-11_ko_0053,2020-08-11,"Penjemputan Paksa Jenazah Covid-19, Wali Kota Malang Kumpulkan Tokoh Agama",Kompas,https://regional.kompas.com/read/2020/08/11/20001671/penjemputan-paksa-jenazah-covid-19-wali-kota-malang-kumpulkan-tokoh-agama
2020-08-11_ko_0054,2020-08-11,"Kontainer Terguling di Tanjakan Gentong, Jalur Tasikmalaya-Bandung Macet Panjang Dua Arah",Kompas,https://regional.kompas.com/read/2020/08/11/19592201/kontainer-terguling-di-tanjakan-gentong-jalur-tasikmalaya-bandung-macet
2020-08-11_ko_0055,2020-08-11,"Selain Diduga Lecehkan Polwan, Kasat Reskrim Selayar Juga Diduga Terlibat Pemerasan",Kompas,https://regional.kompas.com/read/2020/08/11/19575601/selain-diduga-lecehkan-polwan-kasat-reskrim-selayar-juga-diduga-terlibat
2020-08-11_ko_0056,2020-08-11,"Sejumlah Warga Mengamuk Saat Razia Masker, Banting Dompet hingga Minta Dipenjara",Kompas,https://megapolitan.kompas.com/read/2020/08/11/19565441/sejumlah-warga-mengamuk-saat-razia-masker-banting-dompet-hingga-minta
2020-08-11_ko_0057,2020-08-11, Struktur Bata yang Ditemukan di Proyek DDT Bekasi Diduga Gorong-gorong Peninggalan Belanda,Kompas,https://megapolitan.kompas.com/read/2020/08/11/19544921/ahli-struktur-bata-yang-ditemukan-di-proyek-ddt-bekasi-diduga-gorong
2020-08-11_ko_0058,2020-08-11,"Dampak STO Telkom Terbakar, Koneksi Telkomsel di Bangka Belitung Ikut Terganggu",Kompas,https://regional.kompas.com/read/2020/08/11/19525041/dampak-sto-telkom-terbakar-koneksi-telkomsel-di-bangka-belitung-ikut
2020-08-11_ko_0059,2020-08-11,"Proses Hukum Jaksa Harus Izin Jaksa Agung, Pakar: KUHAP Tak Bisa Dikalahkan Aturan Internal",Kompas,https://nasional.kompas.com/read/2020/08/11/19523181/proses-hukum-jaksa-harus-izin-jaksa-agung-pakar-kuhap-tak-bisa-dikalahkan
2020-08-11_ko_0060,2020-08-11,Tak Pakai Masker di Banjarmasin Siap-siap Didenda Rp 100.000,Kompas,https://regional.kompas.com/read/2020/08/11/19473871/tak-pakai-masker-di-banjarmasin-siap-siap-didenda-rp-100000
2020-08-11_ko_0061,2020-08-11,"Telkomsel di Pekanbaru Lumpuh Total akibat Gedung Telkom Terbakar, Warga Beralih Jaringan",Kompas,https://regional.kompas.com/read/2020/08/11/19472131/telkomsel-di-pekanbaru-lumpuh-total-akibat-gedung-telkom-terbakar-warga
2020-08-11_ko_0062,2020-08-11,"Batuk, Pilek dan Demam, Pasutri Ini Positif Covid-19",Kompas,https://regional.kompas.com/read/2020/08/11/19420491/batuk-pilek-dan-demam-pasutri-ini-positif-covid-19
2020-08-11_ko_0063,2020-08-11,Seorang Staf KPU Yahukimo Tewas Dibacok Orang Tak Dikenal,Kompas,https://regional.kompas.com/read/2020/08/11/19415541/seorang-staf-kpu-yahukimo-tewas-dibacok-orang-tak-dikenal
2020-08-11_ko_0064,2020-08-11,17 Anggota Geng Motor yang Rampas Barang dan Bakar Sepeda Motor Korbannya Ditangkap,Kompas,https://regional.kompas.com/read/2020/08/11/19405611/17-anggota-geng-motor-yang-rampas-barang-dan-bakar-sepeda-motor-korbannya
2020-08-11_ko_0065,2020-08-11,"Gedung Telkom Terbakar di Pekanbaru, Jaringan Telkomsel Mati Total hingga Aceh",Kompas,https://regional.kompas.com/read/2020/08/11/19391461/gedung-telkom-terbakar-di-pekanbaru-jaringan-telkomsel-mati-total-hingga
2020-08-11_ko_0066,2020-08-11,"Hasil Rapid Test, Bayi yang Ditelantarkan oleh Ibunya di Palmerah Reaktif",Kompas,https://megapolitan.kompas.com/read/2020/08/11/19380651/hasil-rapid-test-bayi-yang-ditelantarkan-oleh-ibunya-di-palmerah-reaktif
2020-08-11_ko_0067,2020-08-11,"Kasus Pembagian Tanah Kapling, Mantan Wali Kota Kupang Diperiksa Jaksa",Kompas,https://regional.kompas.com/read/2020/08/11/19380051/kasus-pembagian-tanah-kapling-mantan-wali-kota-kupang-diperiksa-jaksa
2020-08-11_ko_0068,2020-08-11,"Cemburu, Warga Kebumen Rampas Motor Pacar Baru Mantan Kekasihnya",Kompas,https://regional.kompas.com/read/2020/08/11/19300071/cemburu-warga-kebumen-rampas-motor-pacar-baru-mantan-kekasihnya
2020-08-11_ko_0069,2020-08-11,Stok Plasma Darah Berbagai Golongan Masih Tersedia di RSPAD Gatot Subroto,Kompas,https://megapolitan.kompas.com/read/2020/08/11/19283631/stok-plasma-darah-berbagai-golongan-masih-tersedia-di-rspad-gatot-subroto
2020-08-11_ko_0070,2020-08-11,"Anggap Pradi Wajah Baru di Pilkada Depok meski Petahana, PSI: Selama Ini Semua Dikendalikan Idris",Kompas,https://megapolitan.kompas.com/read/2020/08/11/19254191/anggap-pradi-wajah-baru-di-pilkada-depok-meski-petahana-psi-selama-ini
2020-08-11_ko_0071,2020-08-11,"Kebakaran Gudang Bahan Baku Cat di Semarang, Api Harus Dipadamkan dengan Cairan Khusus",Kompas,https://regional.kompas.com/read/2020/08/11/19210661/kebakaran-gudang-bahan-baku-cat-di-semarang-api-harus-dipadamkan-dengan
2020-08-11_ko_0072,2020-08-11,"Selesaikan Kasus Viral ""Aku dan Anakku Bukan Pencuri"", Polisi Panggil Saksi Ahli",Kompas,https://regional.kompas.com/read/2020/08/11/19083061/selesaikan-kasus-viral-aku-dan-anakku-bukan-pencuri-polisi-panggil-saksi
2020-08-11_ko_0073,2020-08-11,"Diduga Lecehkan 3 Polwan, Kasat Reskrim Polres Selayar Dinonaktifkan",Kompas,https://regional.kompas.com/read/2020/08/11/19064221/diduga-lecehkan-3-polwan-kasat-reskrim-polres-selayar-dinonaktifkan
2020-08-11_ko_0074,2020-08-11,"UPDATE 11 Agustus: Bertambah 471, Kasus Positif Covid-19 Jakarta Mencapai 26.664",Kompas,https://megapolitan.kompas.com/read/2020/08/11/19054831/update-11-agustus-bertambah-471-kasus-positif-covid-19-jakarta-mencapai
2020-08-11_ko_0075,2020-08-11,Balita di Sleman Tewas Diduga Dianiaya Teman Dekat Ibunya,Kompas,https://regional.kompas.com/read/2020/08/11/19054701/balita-di-sleman-tewas-diduga-dianiaya-teman-dekat-ibunya
2020-08-11_ko_0076,2020-08-11,PSI Jajaki Koalisi dengan Gerindra di Pilkada Depok 2020,Kompas,https://megapolitan.kompas.com/read/2020/08/11/19012951/psi-jajaki-koalisi-dengan-gerindra-di-pilkada-depok-2020
2020-08-11_ko_0077,2020-08-11,"Viral Video Pria Berkaus Polisi ""Atraksi"" di Jalan Raya, Ini Kata Kasatlantas Semarang",Kompas,https://regional.kompas.com/read/2020/08/11/18594741/viral-video-pria-berkaus-polisi-atraksi-di-jalan-raya-ini-kata-kasatlantas
2020-08-11_ko_0078,2020-08-11,"Kebakaran Gedung Telkom Pekanbaru Sudah Dipadamkan, yang Terbakar Bagian Pengaturan Jaringan",Kompas,https://regional.kompas.com/read/2020/08/11/18593061/kebakaran-gedung-telkom-pekanbaru-sudah-dipadamkan-yang-terbakar-bagian
2020-08-11_ko_0079,2020-08-11,"Jaringan Telkomsel di Pekanbaru Mati Total, Pihak Manajemen Minta Maaf",Kompas,https://regional.kompas.com/read/2020/08/11/18505201/jaringan-telkomsel-di-pekanbaru-mati-total-pihak-manajemen-minta-maaf
2020-08-11_ko_0080,2020-08-11,"Dapat Rekomendasi PDI-P, Istri Bupati Azwar Anas Fokus Kampanye Digital",Kompas,https://regional.kompas.com/read/2020/08/11/18484961/dapat-rekomendasi-pdi-p-istri-bupati-azwar-anas-fokus-kampanye-digital
2020-08-11_ko_0081,2020-08-11,Polisi Selidiki Kepemilikan Senjata dalam Kasus Penembakan Misterius di Tangsel,Kompas,https://megapolitan.kompas.com/read/2020/08/11/18471881/polisi-selidiki-kepemilikan-senjata-dalam-kasus-penembakan-misterius-di
2020-08-11_ko_0082,2020-08-11,"Seorang Lurah dan Sekretaris di Tanah Sereal, Bogor Positif Covid-19",Kompas,https://megapolitan.kompas.com/read/2020/08/11/18470491/seorang-lurah-dan-sekretaris-di-tanah-sereal-bogor-positif-covid-19
2020-08-11_ko_0083,2020-08-11,Kelompok Buruh dan DPR Sepakat Bentuk Tim Kerja Bahas Klaster Ketenagakerjaan RUU Cipta Kerja,Kompas,https://nasional.kompas.com/read/2020/08/11/18423041/kelompok-buruh-dan-dpr-sepakat-bentuk-tim-kerja-bahas-klaster
2020-08-11_ko_0084,2020-08-11,4 Orang Jadi Tersangka Kasus Pengeroyokan dan Perusakan Acara Midodareni di Solo,Kompas,https://regional.kompas.com/read/2020/08/11/18390011/4-orang-jadi-tersangka-kasus-pengeroyokan-dan-perusakan-acara-midodareni-di
2020-08-11_ko_0085,2020-08-11,"MRT Fase 2A di Monas dan Thamrin, 867 Pohon Harus Diganti dan Direlokasi",Kompas,https://megapolitan.kompas.com/read/2020/08/11/18354731/mrt-fase-2a-di-monas-dan-thamrin-867-pohon-harus-diganti-dan-direlokasi
2020-08-11_ko_0086,2020-08-11,"Penyebaran Covid-19 Meluas, Pemkot Balikpapan Tutup Area Perkantoran",Kompas,https://regional.kompas.com/read/2020/08/11/18325101/penyebaran-covid-19-meluas-pemkot-balikpapan-tutup-area-perkantoran
2020-08-11_ko_0087,2020-08-11,Sebanyak 35 Santri di Pati Positif Covid-19,Kompas,https://regional.kompas.com/read/2020/08/11/18310191/sebanyak-35-santri-di-pati-positif-covid-19
2020-08-11_ko_0088,2020-08-11,"Kebebasan Beragama Alami Kesulitan, BPIP Minta Penegak Hukum Bertindak Tegas",Kompas,https://nasional.kompas.com/read/2020/08/11/18294871/kebebasan-beragama-alami-kesulitan-bpip-minta-penegak-hukum-bertindak-tegas
2020-08-11_ko_0089,2020-08-11,Ayah Bunuh Anak Bayi karena Emosi Tak Dilayani Istri,Kompas,https://regional.kompas.com/read/2020/08/11/18291361/ayah-bunuh-anak-bayi-karena-emosi-tak-dilayani-istri
2020-08-11_ko_0090,2020-08-11,"Gara-gara Narkoba dan Ekonomi, Ratusan Istri Gugat Cerai Suami di Aceh Utara",Kompas,https://regional.kompas.com/read/2020/08/11/18273401/gara-gara-narkoba-dan-ekonomi-ratusan-istri-gugat-cerai-suami-di-aceh-utara
2020-08-11_ko_0091,2020-08-11, Calon Hakim Agung dan Hakim Ad Hoc di MA Harus Buat Pakta Integritas untuk Seleksi Tahap II,Kompas,https://nasional.kompas.com/read/2020/08/11/18250661/ky-calon-hakim-agung-dan-hakim-ad-hoc-di-ma-harus-buat-pakta-integritas
2020-08-11_ko_0092,2020-08-11,Anggaran Relokasi dan Penggantian Pohon Terkena Proyek MRT Jakarta Sebesar Rp 4 Miliar,Kompas,https://megapolitan.kompas.com/read/2020/08/11/18244541/anggaran-relokasi-dan-penggantian-pohon-terkena-proyek-mrt-jakarta
2020-08-11_ko_0093,2020-08-11," 11 Kabupaten/Kota Belum Pangkas Jabatan, Termasuk Surabaya",Kompas,https://nasional.kompas.com/read/2020/08/11/18212341/kemendagri-11-kabupaten-kota-belum-pangkas-jabatan-termasuk-surabaya
2020-08-11_ko_0094,2020-08-11,"Rampas Motor Driver Ojol, Pecatan TNI Babak Belur Dikeroyok Warga",Kompas,https://megapolitan.kompas.com/read/2020/08/11/18144791/rampas-motor-driver-ojol-pecatan-tni-babak-belur-dikeroyok-warga
2020-08-11_ko_0095,2020-08-11,"Berbarengan dengan Pilkada 2020, Kemendagri Minta Pilkades Serentak Ditunda",Kompas,https://regional.kompas.com/read/2020/08/11/18130201/berbarengan-dengan-pilkada-2020-kemendagri-minta-pilkades-serentak-ditunda
2020-08-11_ko_0096,2020-08-11,"Baru DKI Jakarta yang Masif Tes Covid-19, Satgas Minta Daerah Lain Meniru",Kompas,https://nasional.kompas.com/read/2020/08/11/18111811/baru-dki-jakarta-yang-masif-tes-covid-19-satgas-minta-daerah-lain-meniru
2020-08-11_ko_0097,2020-08-11,PDI-P Dukung Kadis ESDM Provinsi Jatim di Pilkada Tuban,Kompas,https://regional.kompas.com/read/2020/08/11/18100841/pdi-p-dukung-kadis-esdm-provinsi-jatim-di-pilkada-tuban
2020-08-11_ko_0098,2020-08-11,KY Ajak Masyarakat Beri Informasi Jejak Rekam Calon Hakim Agung dan Hakim Ad Hoc,Kompas,https://nasional.kompas.com/read/2020/08/11/18091781/ky-ajak-masyarakat-beri-informasi-jejak-rekam-calon-hakim-agung-dan-hakim-ad
2020-08-11_ko_0099,2020-08-11, Pilkada 2020 Bagian dari Regenerasi Menuju 2024,Kompas,https://nasional.kompas.com/read/2020/08/11/17552021/megawati-pilkada-2020-bagian-dari-regenerasi-menuju-2024
2020-08-11_ko_0100,2020-08-11,"Kekeringan, Warga Paranggupito Wonogiri Jual Emas dan Ternak untuk Beli Air Bersih",Kompas,https://regional.kompas.com/read/2020/08/11/17540271/kekeringan-warga-paranggupito-wonogiri-jual-emas-dan-ternak-untuk-beli-air
2020-08-11_ko_0101,2020-08-11,"Selisih hingga 659, Data Kasus Aktif Covid-19 Pemkot Bekasi Tak Sinkron dengan Pemprov Jabar",Kompas,https://megapolitan.kompas.com/read/2020/08/11/17523681/selisih-hingga-659-data-kasus-aktif-covid-19-pemkot-bekasi-tak-sinkron
2020-08-11_ko_0102,2020-08-11,Kapolda Sulteng soal Petani Diduga Dibunuh MIT di Poso: Itu Sangat Keji,Kompas,https://regional.kompas.com/read/2020/08/11/17494581/kapolda-sulteng-soal-petani-diduga-dibunuh-mit-di-poso-itu-sangat-keji
2020-08-11_ko_0103,2020-08-11,Kemendagri Pastikan Pangkas Jabatan Eselon IV di DPMPTSP Tingkat Daerah,Kompas,https://nasional.kompas.com/read/2020/08/11/17485281/kemendagri-pastikan-pangkas-jabatan-eselon-iv-di-dpmptsp-tingkat-daerah
2020-08-11_ko_0104,2020-08-11,Pendaftaran Relawan Uji Klinis Vaksin Covid-19 di Kota Bandung Masih Dibuka,Kompas,https://regional.kompas.com/read/2020/08/11/17473071/pendaftaran-relawan-uji-klinis-vaksin-covid-19-di-kota-bandung-masih-dibuka
2020-08-11_ko_0105,2020-08-11,"Sebaran 1.693 Kasus Baru Covid-19, Penambahan Tertinggi di Jakarta",Kompas,https://nasional.kompas.com/read/2020/08/11/17434831/sebaran-1693-kasus-baru-covid-19-penambahan-tertinggi-di-jakarta
2020-08-11_ko_0106,2020-08-11,Walhi Jakarta Sebut Larangan Kantong Plastik Belum Berjalan Maksimal,Kompas,https://megapolitan.kompas.com/read/2020/08/11/17424091/walhi-jakarta-sebut-larangan-kantong-plastik-belum-berjalan-maksimal
2020-08-11_ko_0107,2020-08-11,"Gedung Telkom di Pekanbaru Terbakar, Jaringan Telkomsel Mati Total",Kompas,https://regional.kompas.com/read/2020/08/11/17374781/gedung-telkom-di-pekanbaru-terbakar-jaringan-telkomsel-mati-total
2020-08-11_ko_0108,2020-08-11,Satgas Covid-19: Pemda Wajib Kembali Tutup Sekolah jika Kondisi Tak Aman,Kompas,https://nasional.kompas.com/read/2020/08/11/17361431/satgas-covid-19-pemda-wajib-kembali-tutup-sekolah-jika-kondisi-tak-aman
2020-08-11_ko_0109,2020-08-11,"Soal Izin Pemanggilan-Penahanan Jaksa, YLBHI: Bisa Jadi Alat Impunitas",Kompas,https://nasional.kompas.com/read/2020/08/11/17331881/soal-izin-pemanggilan-penahanan-jaksa-ylbhi-bisa-jadi-alat-impunitas
2020-08-11_ko_0110,2020-08-11,"Kritik Kebijakan Bupati Lewat Facebook, Ketua PGRI Jember Diperiksa Inspektorat",Kompas,https://regional.kompas.com/read/2020/08/11/17180451/kritik-kebijakan-bupati-lewat-facebook-ketua-pgri-jember-diperiksa
2020-08-11_ko_0111,2020-08-11,"Pro Kontra Ganjil Genap di Tengah Pandemi Covid-19, Driver Ojol Untung tapi Pengguna Mobil Bingung",Kompas,https://megapolitan.kompas.com/read/2020/08/11/17155161/pro-kontra-ganjil-genap-di-tengah-pandemi-covid-19-driver-ojol-untung
2020-08-11_ko_0112,2020-08-11,Kuasa Hukum Sebut Bos PS Store Putra Siregar Jadi Korban Pembunuhan Karakter,Kompas,https://megapolitan.kompas.com/read/2020/08/11/17153801/kuasa-hukum-sebut-bos-ps-store-putra-siregar-jadi-korban-pembunuhan
2020-08-11_ko_0113,2020-08-11,Sekjen PDI-P Sebut Akhyar Nasution Ada Indikasi Tersangkut Kasus Hukum,Kompas,https://nasional.kompas.com/read/2020/08/11/17132721/sekjen-pdi-p-sebut-akhyar-nasution-ada-indikasi-tersangkut-kasus-hukum
2020-08-11_ko_0114,2020-08-11,Koopssus TNI Gelar Latihan Penanggulangan Terorisme Ancaman Senjata Biologi,Kompas,https://nasional.kompas.com/read/2020/08/11/17112111/koopssus-tni-gelar-latihan-penanggulangan-terorisme-ancaman-senjata-biologi
2020-08-11_ko_0115,2020-08-11,"Jual 20 Gadis Lewat MiChat, Penjual Mainan Anak Ditangkap",Kompas,https://regional.kompas.com/read/2020/08/11/17102091/jual-20-gadis-lewat-michat-penjual-mainan-anak-ditangkap
2020-08-11_ko_0116,2020-08-11,"Datangi KPU, Sekjen Demokrat Serahkan Dokumen Kepengurusan",Kompas,https://nasional.kompas.com/read/2020/08/11/17095391/datangi-kpu-sekjen-demokrat-serahkan-dokumen-kepengurusan
2020-08-11_ko_0117,2020-08-11,"Kerangka Manusia Ditemukan di Kebun Sawit Luwu Utara, Ini Hasil Penyelidikan Polisi",Kompas,https://regional.kompas.com/read/2020/08/11/17061281/kerangka-manusia-ditemukan-di-kebun-sawit-luwu-utara-ini-hasil-penyelidikan
2020-08-11_ko_0118,2020-08-11,UPDATE 11 Agustus: Suspek Covid-19 Tercatat 85.928 Orang,Kompas,https://nasional.kompas.com/read/2020/08/11/17014591/update-11-agustus-suspek-covid-19-tercatat-85928-orang
2020-08-11_ko_0119,2020-08-11,Pemilihan Kandidat dan Problem Serius dalam Pilkada,Kompas,https://nasional.kompas.com/read/2020/08/11/17004411/pemilihan-kandidat-dan-problem-serius-dalam-pilkada
2020-08-11_ko_0120,2020-08-11,Kementerian PANRB Sudah Susun Rencana Kebutuhan ASN jika Ibu Kota Jadi Pindah,Kompas,https://nasional.kompas.com/read/2020/08/11/16583141/kementerian-panrb-sudah-susun-rencana-kebutuhan-asn-jika-ibu-kota-jadi
2020-08-11_ko_0121,2020-08-11,KPU Sebut Temuan Bawaslu Terkait Data Pemilih Bermasalah Tak Rinci dan Janggal,Kompas,https://nasional.kompas.com/read/2020/08/11/16570031/kpu-sebut-temuan-bawaslu-terkait-data-pemilih-bermasalah-tak-rinci-dan
2020-08-11_ko_0122,2020-08-11,"Polisi Dalami Motif Penembakan di Tangsel, Tersangka Klaim untuk Bubarkan Balap Liar",Kompas,https://megapolitan.kompas.com/read/2020/08/11/16565811/polisi-dalami-motif-penembakan-di-tangsel-tersangka-klaim-untuk-bubarkan
2020-08-11_ko_0123,2020-08-11,"Kuasa Hukum Sebut Jimmy Paling Tahu Kepabeanan Ponsel Putra Siregar, Siapa Dia?",Kompas,https://megapolitan.kompas.com/read/2020/08/11/16535461/kuasa-hukum-sebut-jimmy-paling-tahu-kepabeanan-ponsel-putra-siregar-siapa
2020-08-11_ko_0124,2020-08-11,"24 Agustus, KY Gelar Seleksi Kualitas Calon Hakim Agung dan Hakim Ad Hoc",Kompas,https://nasional.kompas.com/read/2020/08/11/16523781/24-agustus-ky-gelar-seleksi-kualitas-calon-hakim-agung-dan-hakim-ad-hoc
2020-08-11_ko_0125,2020-08-11,"UPDATE Covid-19 di Jabar, Jateng, Banten, Sumsel, Babel, dan Lampung 11 Agustus 2020",Kompas,https://regional.kompas.com/read/2020/08/11/16510231/update-covid-19-di-jabar-jateng-banten-sumsel-babel-dan-lampung-11-agustus
2020-08-11_ko_0126,2020-08-11,Alasan PDI-P Usung Bobby-Aulia Rahman pada Pilkada Medan,Kompas,https://nasional.kompas.com/read/2020/08/11/16440131/alasan-pdi-p-usung-bobby-aulia-rahman-pada-pilkada-medan
2020-08-11_ko_0127,2020-08-11,"PDI-P Umumkan Calon Pengganti Risma pada 19 Agustus 2020, Siapa Dia?",Kompas,https://regional.kompas.com/read/2020/08/11/16421441/pdi-p-umumkan-calon-pengganti-risma-pada-19-agustus-2020-siapa-dia
2020-08-11_ko_0128,2020-08-11,Sudah 35 Kementerian/Lembaga Pangkas Jabatan Struktural Lebih dari 70 Persen,Kompas,https://nasional.kompas.com/read/2020/08/11/16394371/sudah-35-kementerian-lembaga-pangkas-jabatan-struktural-lebih-dari-70-persen
2020-08-11_ko_0129,2020-08-11,"Anggota DPRD Tak Percaya Covid-19, Walkot Ambon: Tinggal Saja di Lokasi Karantina",Kompas,https://regional.kompas.com/read/2020/08/11/16391271/anggota-dprd-tak-percaya-covid-19-walkot-ambon-tinggal-saja-di-lokasi
2020-08-11_ko_0130,2020-08-11,"Ayah Bunuh Bayi 40 Hari karena Ditolak Istri Saat Minta Berhubungan Badan, Begini Kronologinya",Kompas,https://regional.kompas.com/read/2020/08/11/16373331/ayah-bunuh-bayi-40-hari-karena-ditolak-istri-saat-minta-berhubungan-badan
2020-08-11_ko_0131,2020-08-11,"CCTV Rusak, Penyebab Hilangnya 33 Tiang Pembatas Jembatan Ampera Masih Misterius",Kompas,https://regional.kompas.com/read/2020/08/11/16370231/cctv-rusak-penyebab-hilangnya-33-tiang-pembatas-jembatan-ampera-masih
2020-08-11_ko_0132,2020-08-11,"Patungan Rp 5.000 Tiap Rumah, Jadilah Pos Wifi Gratis untuk Siswa di Pondok Kopi",Kompas,https://megapolitan.kompas.com/read/2020/08/11/16353781/patungan-rp-5000-tiap-rumah-jadilah-pos-wifi-gratis-untuk-siswa-di-pondok
2020-08-11_ko_0133,2020-08-11,"Sisi Jalan Tol Palindra Ogan Ilir Terbakar, Jarak Pandang Pengendara Sempat Terganggu",Kompas,https://regional.kompas.com/read/2020/08/11/16332411/sisi-jalan-tol-palindra-ogan-ilir-terbakar-jarak-pandang-pengendara-sempat
2020-08-11_ko_0134,2020-08-11,"Pasien Covid-19 yang Meninggal Bertambah 59, Total 5.824 Orang",Kompas,https://nasional.kompas.com/read/2020/08/11/16320831/pasien-covid-19-yang-meninggal-bertambah-59-total-5824-orang
2020-08-11_ko_0135,2020-08-11,Polisi Ungkap Peran 3 Tersangka Pelaku Penembakan yang Incar Pengendara di Tangsel,Kompas,https://megapolitan.kompas.com/read/2020/08/11/16312811/polisi-ungkap-peran-3-tersangka-pelaku-penembakan-yang-incar-pengendara
2020-08-11_ko_0136,2020-08-11, Bakal Vaksin Covid-19 dari China Masuk Lewat Jalur Khusus,Kompas,https://nasional.kompas.com/read/2020/08/11/16284551/bpom-bakal-vaksin-covid-19-dari-china-masuk-lewat-jalur-khusus
2020-08-11_ko_0137,2020-08-11,"Pemeriksaan Jaksa Harus Seizin Jaksa Agung, Wakil Ketua KPK: Wajar Jika Publik Curiga",Kompas,https://nasional.kompas.com/read/2020/08/11/16281001/pemeriksaan-jaksa-harus-seizin-jaksa-agung-wakil-ketua-kpk-wajar-jika-publik
2020-08-11_ko_0138,2020-08-11,"Merasa Dihina di Medsos, Anggota DPRD Ciamis Laporkan Anak Gadisnya ke Polda Jabar",Kompas,https://regional.kompas.com/read/2020/08/11/16273861/merasa-dihina-di-medsos-anggota-dprd-ciamis-laporkan-anak-gadisnya-ke-polda
2020-08-11_ko_0139,2020-08-11,Tenaga Kesehatan di 5 Puskesmas Kota Bogor Positif Covid-19,Kompas,https://megapolitan.kompas.com/read/2020/08/11/16264601/tenaga-kesehatan-di-5-puskesmas-kota-bogor-positif-covid-19
2020-08-11_ko_0140,2020-08-11,"Ngajar di Pedalaman, Guru Honorer Ini Dihadiahi Rp 15 Juta dari Jokowi",Kompas,https://regional.kompas.com/read/2020/08/11/16263571/ngajar-di-pedalaman-guru-honorer-ini-dihadiahi-rp-15-juta-dari-jokowi
2020-08-11_ko_0141,2020-08-11,Kuasa Hukum Sebut Putra Siregar Tidak Tahu Ponsel yang Dijualnya Ilegal,Kompas,https://megapolitan.kompas.com/read/2020/08/11/16233131/kuasa-hukum-sebut-putra-siregar-tidak-tahu-ponsel-yang-dijualnya-ilegal
2020-08-11_ko_0142,2020-08-11,"Proses Hukum Jaksa Mesti Seizin Jaksa Agung, Ini Tanggapan Polri...",Kompas,https://nasional.kompas.com/read/2020/08/11/16224111/proses-hukum-jaksa-mesti-seizin-jaksa-agung-ini-tanggapan-polri
2020-08-11_ko_0143,2020-08-11,Jumlah Penumpang KRL Malah Turun Selama Penerapan Ganjil Genap Jakarta,Kompas,https://megapolitan.kompas.com/read/2020/08/11/16212201/jumlah-penumpang-krl-malah-turun-selama-penerapan-ganjil-genap-jakarta
2020-08-11_ko_0144,2020-08-11,"Uji Klinis Fase 3 Resmi Dimulai, Erick Thohir Pastikan Calon Vaksin Covid-19 Halal",Kompas,https://regional.kompas.com/read/2020/08/11/16204141/uji-klinis-fase-3-resmi-dimulai-erick-thohir-pastikan-calon-vaksin-covid-19
2020-08-11_ko_0145,2020-08-11,"Soal Covid-19, SBY: Ekonomi dan Nyawa Manusia Bukan Suatu Dilema",Kompas,https://nasional.kompas.com/read/2020/08/11/16203481/soal-covid-19-sby-ekonomi-dan-nyawa-manusia-bukan-suatu-dilema
2020-08-11_ko_0146,2020-08-11,"Update Covid-19 di Aceh, Sumut, Sumbar, Riau, Kepri, Jambi, dan Bengkulu 11 Agustus 2020",Kompas,https://regional.kompas.com/read/2020/08/11/16200051/update-covid-19-di-aceh-sumut-sumbar-riau-kepri-jambi-dan-bengkulu-11
2020-08-11_ko_0147,2020-08-11,Wamenag Sebut Penghulu Berperan dalam Pembentukan Awal Keluarga Sakinah,Kompas,https://nasional.kompas.com/read/2020/08/11/16145861/wamenag-sebut-penghulu-berperan-dalam-pembentukan-awal-keluarga-sakinah
2020-08-11_ko_0148,2020-08-11,Seorang Wartawan di Kalsel Divonis 3 Bulan Penjara karena Berita,Kompas,https://regional.kompas.com/read/2020/08/11/16142691/seorang-wartawan-di-kalsel-divonis-3-bulan-penjara-karena-berita
2020-08-11_ko_0149,2020-08-11,"22 Rumah Adat Sumba Terbakar karena Faktor Alam, Ini Kronologinya",Kompas,https://regional.kompas.com/read/2020/08/11/16133961/22-rumah-adat-sumba-terbakar-karena-faktor-alam-ini-kronologinya
2020-08-11_ko_0150,2020-08-11," Melalui Transportasi, Kita Bisa Saling Kenal dan Terima Keberagaman",Kompas,https://nasional.kompas.com/read/2020/08/11/16121971/mahfud-melalui-transportasi-kita-bisa-saling-kenal-dan-terima-keberagaman
2020-08-11_ko_0151,2020-08-11,"Disebut Punya Kasus Aktif Covid-19 Tertinggi di Jabar, Walkot Bekasi: Wajar karena Dekat Jakarta",Kompas,https://megapolitan.kompas.com/read/2020/08/11/16102821/disebut-punya-kasus-aktif-covid-19-tertinggi-di-jabar-walkot-bekasi-wajar
2020-08-11_ko_0152,2020-08-11,Wapres Sebut Penyederhanaan Formasi Jadi Momentum Bangun Birokrasi Kelas Dunia,Kompas,https://nasional.kompas.com/read/2020/08/11/16093621/wapres-sebut-penyederhanaan-formasi-jadi-momentum-bangun-birokrasi-kelas
2020-08-11_ko_0153,2020-08-11,117 Orang Calon Hakim Agung dan Hakim Ad Hoc Lulus Seleksi Administrasi di KY,Kompas,https://nasional.kompas.com/read/2020/08/11/16073811/117-orang-calon-hakim-agung-dan-hakim-ad-hoc-lulus-seleksi-administrasi-di
2020-08-11_ko_0154,2020-08-11,"Pegawai Pemerintah Non-PNS Juga Bakal Terima Bantuan Rp 2,4 Juta",Kompas,https://nasional.kompas.com/read/2020/08/11/16070381/pegawai-pemerintah-non-pns-juga-bakal-terima-bantuan-rp-24-juta
2020-08-11_ko_0155,2020-08-11,DLHK Karawang: Penyebab Sungai Citarum Menghitam dan Berbau Bukan karena Limbah,Kompas,https://regional.kompas.com/read/2020/08/11/16053651/dlhk-karawang-penyebab-sungai-citarum-menghitam-dan-berbau-bukan-karena
2020-08-11_ko_0156,2020-08-11,Ini Pesan Megawati bagi Paslon Kepala Daerah agar Dipilih Dua Kali,Kompas,https://nasional.kompas.com/read/2020/08/11/16053581/ini-pesan-megawati-bagi-paslon-kepala-daerah-agar-dipilih-dua-kali
2020-08-11_ko_0157,2020-08-11,"""Demi Ilmu Pengetahuan, Belajar di Bawah Pohon Mangga Juga Baik""",Kompas,https://regional.kompas.com/read/2020/08/11/16044321/demi-ilmu-pengetahuan-belajar-di-bawah-pohon-mangga-juga-baik
2020-08-11_ko_0158,2020-08-11,Jokowi Tinjau Fasilitas Produksi Vaksin Covid-19 Milik Bio Farma,Kompas,https://nasional.kompas.com/read/2020/08/11/16041691/jokowi-tinjau-fasilitas-produksi-vaksin-covid-19-milik-bio-farma
2020-08-11_ko_0159,2020-08-11,"UPDATE Covid-19 di Sulteng, Sultra, Maluku, Malut, Papua, dan Papua Barat 11 Agustus 2020",Kompas,https://regional.kompas.com/read/2020/08/11/15570071/update-covid-19-di-sulteng-sultra-maluku-malut-papua-dan-papua-barat-11
2020-08-11_ko_0160,2020-08-11,"Malaysia 2 Kali Langgar Batas Wilayah di Nunukan, KSAL Kirim Nota Protes",Kompas,https://regional.kompas.com/read/2020/08/11/15561471/malaysia-2-kali-langgar-batas-wilayah-di-nunukan-ksal-kirim-nota-protes
2020-08-11_ko_0161,2020-08-11,"Truk Tronton Minuman Kemasan Remnya Blong, Tabrak Pikap hingga Terpental ke Sawah",Kompas,https://regional.kompas.com/read/2020/08/11/15555401/truk-tronton-minuman-kemasan-remnya-blong-tabrak-pikap-hingga-terpental-ke
2020-08-11_ko_0162,2020-08-11,"Kirim Titik Lokasi via WhatsApp, Perempuan Surabaya Disekap Mantan Pacar di Pamekasan",Kompas,https://regional.kompas.com/read/2020/08/11/15550001/kirim-titik-lokasi-via-whatsapp-perempuan-surabaya-disekap-mantan-pacar-di
2020-08-11_ko_0163,2020-08-11,"UPDATE 11 Agustus: Kasus Covid-19 Bertambah 1.693, Tertinggi di 5 Provinsi Ini",Kompas,https://nasional.kompas.com/read/2020/08/11/15544591/update-11-agustus-kasus-covid-19-bertambah-1693-tertinggi-di-5-provinsi-ini
2020-08-11_ko_0164,2020-08-11,"Resmi Dimulai, Ini Tahapan Uji Klinis Vaksin Covid-19 hingga Diproduksi Massal",Kompas,https://nasional.kompas.com/read/2020/08/11/15542851/resmi-dimulai-ini-tahapan-uji-klinis-vaksin-covid-19-hingga-diproduksi
2020-08-11_ko_0165,2020-08-11,"UPDATE 11 Agustus: Tambah 1.474, Kini Ada 83.710 Pasien Covid-19 Sembuh",Kompas,https://nasional.kompas.com/read/2020/08/11/15540051/update-11-agustus-tambah-1474-kini-ada-83710-pasien-covid-19-sembuh
2020-08-11_ko_0166,2020-08-11,3 Lagi Pegawai PN Jakarta Barat Terpapar Covid-19,Kompas,https://megapolitan.kompas.com/read/2020/08/11/15514061/3-lagi-pegawai-pn-jakarta-barat-terpapar-covid-19
2020-08-11_ko_0167,2020-08-11,"UPDATE Covid-19 di Kalteng, Kaltim, Kaltara, Gorontalo, Sulbar, Sulsel, dan Sultra 11 Agustus 2020",Kompas,https://regional.kompas.com/read/2020/08/11/15511071/update-covid-19-di-kalteng-kaltim-kaltara-gorontalo-sulbar-sulsel-dan-sultra
2020-08-11_ko_0168,2020-08-11,UPDATE 11 Agustus: Total 1.757.425 Spesimen Diperiksa Terkait Covid-19,Kompas,https://nasional.kompas.com/read/2020/08/11/15492651/update-11-agustus-total-1757425-spesimen-diperiksa-terkait-covid-19
2020-08-11_ko_0169,2020-08-11,"UPDATE 11 Agustus: Tambah 1.693, Total Ada 128.776 Kasus Covid-19 di Indonesia",Kompas,https://nasional.kompas.com/read/2020/08/11/15483341/update-11-agustus-tambah-1693-total-ada-128776-kasus-covid-19-di-indonesia
2020-08-11_ko_0170,2020-08-11,"Setelah Kuburannya Dibongkar, Pria Ini Baru Diketahui Tewas Ditusuk Teman gara-gara Rebutan Gitar",Kompas,https://regional.kompas.com/read/2020/08/11/15470141/setelah-kuburannya-dibongkar-pria-ini-baru-diketahui-tewas-ditusuk-teman
2020-08-11_ko_0171,2020-08-11,"Berkaca dari Kasus di Bintaro, LPSK Ajak Korban Pemerkosaan Berani Melapor",Kompas,https://nasional.kompas.com/read/2020/08/11/15450581/berkaca-dari-kasus-di-bintaro-lpsk-ajak-korban-pemerkosaan-berani-melapor
2020-08-11_ko_0172,2020-08-11,"UPDATE Covid-19 di Jatim, DIY, Bali, NTT, NTB, Kalbar dan Kalsel 11 Agustus 2020",Kompas,https://regional.kompas.com/read/2020/08/11/15433991/update-covid-19-di-jatim-diy-bali-ntt-ntb-kalbar-dan-kalsel-11-agustus-2020
2020-08-11_ko_0173,2020-08-11,"Jelang Pilkada Depok, PSI: Prioritas Kami Mengakhiri Rezim PKS",Kompas,https://megapolitan.kompas.com/read/2020/08/11/15433371/jelang-pilkada-depok-psi-prioritas-kami-mengakhiri-rezim-pks
2020-08-11_ko_0174,2020-08-11,"Kata Ridwan Kamil ke Jokowi: Tidak Ada Zona Merah di Jabar Minggu Ini, Termasuk Depok",Kompas,https://regional.kompas.com/read/2020/08/11/15385421/kata-ridwan-kamil-ke-jokowi-tidak-ada-zona-merah-di-jabar-minggu-ini
2020-08-11_ko_0175,2020-08-11,Wapres Tegaskan Penyederhanaan Birokrasi Harus Dilakukan Semua Instansi Pemerintah,Kompas,https://nasional.kompas.com/read/2020/08/11/15382741/wapres-tegaskan-penyederhanaan-birokrasi-harus-dilakukan-semua-instansi
2020-08-11_ko_0176,2020-08-11,"3 Pelaku Penembakan secara Acak di Tangsel Beraksi 7 Kali, 8 Pengendara Jadi Korban",Kompas,https://megapolitan.kompas.com/read/2020/08/11/15333861/3-pelaku-penembakan-secara-acak-di-tangsel-beraksi-7-kali-8-pengendara
2020-08-11_ko_0177,2020-08-11,"Kasus Positif Covid-19 Meningkat, Ruang Isolasi RSUD Kota Kendari Penuh",Kompas,https://regional.kompas.com/read/2020/08/11/15313551/kasus-positif-covid-19-meningkat-ruang-isolasi-rsud-kota-kendari-penuh
2020-08-11_ko_0178,2020-08-11,"""Warga Wajar kalau Takut Meminjamkan Alat karena Virus Corona Masih Terjadi""",Kompas,https://regional.kompas.com/read/2020/08/11/15301211/warga-wajar-kalau-takut-meminjamkan-alat-karena-virus-corona-masih-terjadi
2020-08-11_ko_0179,2020-08-11,"Selain Brigjen Prasetijo, Polisi Periksa Petugas Bandara Halim Perdanakusuma Hari Ini",Kompas,https://nasional.kompas.com/read/2020/08/11/15284991/selain-brigjen-prasetijo-polisi-periksa-petugas-bandara-halim-perdanakusuma
2020-08-11_ko_0180,2020-08-11,Pengadilan Negeri Pontianak Vonis Bebas 4 Terdakwa Kasus Dugaan Korupsi di Jasindo,Kompas,https://regional.kompas.com/read/2020/08/11/15250151/pengadilan-negeri-pontianak-vonis-bebas-4-terdakwa-kasus-dugaan-korupsi-di
2020-08-11_ko_0181,2020-08-11,Gubernur Kalbar Geram Anggota DPRD Ketapang Positif Covid-19 Tak Kooperatif,Kompas,https://regional.kompas.com/read/2020/08/11/15245571/gubernur-kalbar-geram-anggota-dprd-ketapang-positif-covid-19-tak-kooperatif
2020-08-11_ko_0182,2020-08-11,Megawati Bicara soal Kepala Daerah di Sumut yang Banyak Terjerat Kasus Korupsi,Kompas,https://nasional.kompas.com/read/2020/08/11/15241091/megawati-bicara-soal-kepala-daerah-di-sumut-yang-banyak-terjerat-kasus
2020-08-11_ko_0183,2020-08-11,Jokowi Sebut BLT Pekerja Sebesar Rp 600.000 Cair dalam Dua Pekan,Kompas,https://nasional.kompas.com/read/2020/08/11/15130051/jokowi-sebut-blt-pekerja-sebesar-rp-600000-cair-dalam-dua-pekan
2020-08-11_ko_0184,2020-08-11,Dua Remaja yang Bobol Masjid untuk Curi Kipas Angin Ternyata Positif Mengonsumsi Narkotika,Kompas,https://regional.kompas.com/read/2020/08/11/15123131/dua-remaja-yang-bobol-masjid-untuk-curi-kipas-angin-ternyata-positif
2020-08-11_ko_0185,2020-08-11,"Lewat Aplikasi JAGA Bansos, KPK Terima 894 Keluhan",Kompas,https://nasional.kompas.com/read/2020/08/11/15094811/lewat-aplikasi-jaga-bansos-kpk-terima-894-keluhan
2020-08-11_ko_0186,2020-08-11,Ridwan Kamil Ungkap Alasan Jadi Relawan Vaksin Covid-19,Kompas,https://nasional.kompas.com/read/2020/08/11/15062881/ridwan-kamil-ungkap-alasan-jadi-relawan-vaksin-covid-19
2020-08-11_ko_0187,2020-08-11,Jokowi Ingatkan Adaptasi New Normal Bukan Berarti Wabah Sudah Lewat,Kompas,https://nasional.kompas.com/read/2020/08/11/15062221/jokowi-ingatkan-adaptasi-new-normal-bukan-berarti-wabah-sudah-lewat
2020-08-11_ko_0188,2020-08-11,"Ditolak Istri Saat Minta Hubungan Seks, Suami Bunuh Bayi Berusia 40 Hari",Kompas,https://regional.kompas.com/read/2020/08/11/15032571/ditolak-istri-saat-minta-hubungan-seks-suami-bunuh-bayi-berusia-40-hari
2020-08-11_ko_0189,2020-08-11,"Lagi, 13 Lembaga Akan Dibubarkan pada Akhir Agustus 2020",Kompas,https://nasional.kompas.com/read/2020/08/11/15002201/lagi-13-lembaga-akan-dibubarkan-pada-akhir-agustus-2020
2020-08-11_ko_0190,2020-08-11,"Tukang Cukur di Sukoharjo Positif Covid-19, Diduga Tertular dari Pelanggan",Kompas,https://regional.kompas.com/read/2020/08/11/14583911/tukang-cukur-di-sukoharjo-positif-covid-19-diduga-tertular-dari-pelanggan
2020-08-11_ko_0191,2020-08-11,"Pemkot Depok Optimalkan Kampung Siaga Covid-19, Setiap RW Dapat Rp 2 Juta",Kompas,https://megapolitan.kompas.com/read/2020/08/11/14583091/pemkot-depok-optimalkan-kampung-siaga-covid-19-setiap-rw-dapat-rp-2-juta
2020-08-11_ko_0192,2020-08-11,Awan Tsunami di Langit Aceh...,Kompas,https://regional.kompas.com/read/2020/08/11/14540001/awan-tsunami-di-langit-aceh-
2020-08-11_ko_0193,2020-08-11,"Warga Tak Pinjamkan Cangkul, Petugas Kuburkan Jenazah Covid-19 Pakai Tangan",Kompas,https://regional.kompas.com/read/2020/08/11/14443401/warga-tak-pinjamkan-cangkul-petugas-kuburkan-jenazah-covid-19-pakai-tangan
2020-08-11_ko_0194,2020-08-11,"Ridwan Kamil: Kalau Tak Mau Lockdown atau PSBB Lagi, Pakai Masker!",Kompas,https://nasional.kompas.com/read/2020/08/11/14443261/ridwan-kamil-kalau-tak-mau-lockdown-atau-psbb-lagi-pakai-masker
2020-08-11_ko_0195,2020-08-11, Kembalikan atau Kau Saya Pidanakan!,Kompas,https://nasional.kompas.com/read/2020/08/11/14391721/kapolri-kembalikan-atau-kau-saya-pidanakan
2020-08-11_ko_0196,2020-08-11,Megawati ke Bakal Calon Kepala Daerah Usungan PDI-P: Korupsi Tidak Bisa Disembunyikan,Kompas,https://nasional.kompas.com/read/2020/08/11/14383841/megawati-ke-bakal-calon-kepala-daerah-usungan-pdi-p-korupsi-tidak-bisa
2020-08-11_ko_0197,2020-08-11,Erick Thohir: Tak Banyak Negara yang Uji Klinis Vaksin Covid-19 Fase III,Kompas,https://nasional.kompas.com/read/2020/08/11/14373841/erick-thohir-tak-banyak-negara-yang-uji-klinis-vaksin-covid-19-fase-iii
2020-08-11_ko_0198,2020-08-11,Struktur Bata di Bawah Stasiun Bekasi Diduga Bekas Markas di Zaman Jepang,Kompas,https://megapolitan.kompas.com/read/2020/08/11/14350261/struktur-bata-di-bawah-stasiun-bekasi-diduga-bekas-markas-di-zaman-jepang
2020-08-11_ko_0199,2020-08-11,"Kepada Jokowi, Bupati Garut Siap Tutup Kantor Pemda jika Ada PNS Positif Corona",Kompas,https://regional.kompas.com/read/2020/08/11/14342731/kepada-jokowi-bupati-garut-siap-tutup-kantor-pemda-jika-ada-pns-positif
2020-08-11_ko_0200,2020-08-11, Pemberian Bintang Tanda Jasa ke Fadli Zon dan Fahri Hamzah Sesuai Aturan,Kompas,https://nasional.kompas.com/read/2020/08/11/14340141/mahfud-pemberian-bintang-tanda-jasa-ke-fadli-zon-dan-fahri-hamzah-sesuai
2020-08-11_ko_0201,2020-08-11,Tak Ada Lonjakan Jumlah Penumpang MRT Saat Penerapan Ganjil Genap Jakarta,Kompas,https://megapolitan.kompas.com/read/2020/08/11/14292871/tak-ada-lonjakan-jumlah-penumpang-mrt-saat-penerapan-ganjil-genap-jakarta
2020-08-11_ko_0202,2020-08-11, Birokrasi Lambat Jadi Sumbatan Pemulihan Akibat Pandemi,Kompas,https://nasional.kompas.com/read/2020/08/11/14281381/wapres-birokrasi-lambat-jadi-sumbatan-pemulihan-akibat-pandemi
2020-08-11_ko_0203,2020-08-11,"Kota Ambon Kembali ke Zona Merah, Wali Kota: Bisa Kembali Lagi ke PSBB",Kompas,https://regional.kompas.com/read/2020/08/11/14195731/kota-ambon-kembali-ke-zona-merah-wali-kota-bisa-kembali-lagi-ke-psbb
2020-08-11_ko_0204,2020-08-11,"5 Karyawan Positif Covid-19, LKBN Antara Ditutup Sehari",Kompas,https://megapolitan.kompas.com/read/2020/08/11/14113151/5-karyawan-positif-covid-19-lkbn-antara-ditutup-sehari
2020-08-11_ko_0205,2020-08-11,Ini Nama Cucu Keempat Presiden Jokowi,Kompas,https://nasional.kompas.com/read/2020/08/11/14085801/ini-nama-cucu-keempat-presiden-jokowi
2020-08-11_ko_0206,2020-08-11,"Soal Izin Pemanggilan-Penahanan Jaksa, ICW: Tak Boleh Ada Perlakuan Khusus",Kompas,https://nasional.kompas.com/read/2020/08/11/14081111/soal-izin-pemanggilan-penahanan-jaksa-icw-tak-boleh-ada-perlakuan-khusus
2020-08-11_ko_0207,2020-08-11,Pria Ini Dibunuh dengan Raket Nyamuk Setelah Pelaku Ikuti Mimpi dan Omongan Dukun,Kompas,https://regional.kompas.com/read/2020/08/11/14072221/pria-ini-dibunuh-dengan-raket-nyamuk-setelah-pelaku-ikuti-mimpi-dan-omongan
2020-08-11_ko_0208,2020-08-11,Benda Diduga Bom Ditemukan di Masjid Kampus UNY,Kompas,https://regional.kompas.com/read/2020/08/11/14065501/benda-diduga-bom-ditemukan-di-masjid-kampus-uny
2020-08-11_ko_0209,2020-08-11,Kejagung Sebut Aturan Baru soal Perlindungan Jaksa Tak Terkait Kasus Pinangki,Kompas,https://nasional.kompas.com/read/2020/08/11/14041021/kejagung-sebut-aturan-baru-soal-perlindungan-jaksa-tak-terkait-kasus
2020-08-11_ko_0210,2020-08-11,"Cari Carol Merie, Petugas Menyelam Sampai Kedalaman 40 Meter di Teluk Ambon",Kompas,https://regional.kompas.com/read/2020/08/11/14040431/cari-carol-merie-petugas-menyelam-sampai-kedalaman-40-meter-di-teluk-ambon
2020-08-11_ko_0211,2020-08-11,Kronologi Penangkapan 3 Pelaku Penembakan yang Incar Pengendara di Tangsel,Kompas,https://megapolitan.kompas.com/read/2020/08/11/13580071/kronologi-penangkapan-3-pelaku-penembakan-yang-incar-pengendara-di
2020-08-11_ko_0212,2020-08-11,"Diduga Korsleting, Rumah Dua Lantai di Pademangan Timur Terbakar",Kompas,https://megapolitan.kompas.com/read/2020/08/11/13580001/diduga-korsleting-rumah-dua-lantai-di-pademangan-timur-terbakar
2020-08-11_ko_0213,2020-08-11,Ini Sederet Penerima Bintang Mahaputra Nararya Sebelum Fadli Zon dan Fahri Hamzah,Kompas,https://nasional.kompas.com/read/2020/08/11/13550871/ini-sederet-penerima-bintang-mahaputra-nararya-sebelum-fadli-zon-dan-fahri
2020-08-11_ko_0214,2020-08-11,"Jadi Korban PHK, Warga Asal Bantul Gugat UU BPJS ke MK",Kompas,https://nasional.kompas.com/read/2020/08/11/13505141/jadi-korban-phk-warga-asal-bantul-gugat-uu-bpjs-ke-mk
2020-08-11_ko_0215,2020-08-11,"Gadis 14 Tahun Putus Sekolah dan Jadi Buruh Ikat Rumput Laut demi Hidupi Keluarganya, Eks TKI Malaysia",Kompas,https://regional.kompas.com/read/2020/08/11/13501761/gadis-14-tahun-putus-sekolah-dan-jadi-buruh-ikat-rumput-laut-demi-hidupi
2020-08-11_ko_0216,2020-08-11,"Hendak Temui Anak di Kampung, Suami Istri Pedagang Ketoprak Meninggal karena Kecelakaan",Kompas,https://regional.kompas.com/read/2020/08/11/13500091/hendak-temui-anak-di-kampung-suami-istri-pedagang-ketoprak-meninggal-karena
2020-08-11_ko_0217,2020-08-11,"Aturan Ganjil Genap, Perusahaan Jasa Pengiriman Berskala UMKM Terdampak",Kompas,https://megapolitan.kompas.com/read/2020/08/11/13495411/aturan-ganjil-genap-perusahaan-jasa-pengiriman-berskala-umkm-terdampak
2020-08-11_ko_0218,2020-08-11,Cerita Relawan soal Masyarakat yang Belum Percaya Covid-19,Kompas,https://nasional.kompas.com/read/2020/08/11/13412301/cerita-relawan-soal-masyarakat-yang-belum-percaya-covid-19
2020-08-11_ko_0219,2020-08-11,KPK Rampungkan Penyidikan Eks Kalapas Sukamiskin Wahid Husein,Kompas,https://nasional.kompas.com/read/2020/08/11/13311261/kpk-rampungkan-penyidikan-eks-kalapas-sukamiskin-wahid-husein
2020-08-11_ko_0220,2020-08-11,Anggota DPR Sebut Pembahasan Perpres Pelibatan TNI Tangani Terorisme Bisa Lintas Komisi,Kompas,https://nasional.kompas.com/read/2020/08/11/13294361/anggota-dpr-sebut-pembahasan-perpres-pelibatan-tni-tangani-terorisme-bisa
2020-08-11_ko_0221,2020-08-11,"Perusahaan Jasa Pengiriman Siapkan Opsi Hadapi Ganjil Genap, Pakai Motor hingga Ubah Pelat Kuning",Kompas,https://megapolitan.kompas.com/read/2020/08/11/13251731/perusahaan-jasa-pengiriman-siapkan-opsi-hadapi-ganjil-genap-pakai-motor
2020-08-11_ko_0222,2020-08-11,"Sebelum Melingkar di Atas Tubuh Nenek, Ular Kobra Sempat Terlihat di Selokan",Kompas,https://regional.kompas.com/read/2020/08/11/13210071/sebelum-melingkar-di-atas-tubuh-nenek-ular-kobra-sempat-terlihat-di-selokan
2020-08-11_ko_0223,2020-08-11,Jokowi Berharap Vaksin Covid-19 Sinovac Bisa Diproduksi Januari 2021,Kompas,https://nasional.kompas.com/read/2020/08/11/13133131/jokowi-berharap-vaksin-covid-19-sinovac-bisa-diproduksi-januari-2021
2020-08-11_ko_0224,2020-08-11,"""Saya Menggugat Warisan Bukan untuk Diri Sendiri, tapi untuk Mama dan Adik-adik""",Kompas,https://regional.kompas.com/read/2020/08/11/13131731/saya-menggugat-warisan-bukan-untuk-diri-sendiri-tapi-untuk-mama-dan-adik
2020-08-11_ko_0225,2020-08-11,Ini Alasan Anji Wawancara Hadi Pranoto soal Klaim Temuan Obat Covid-19,Kompas,https://megapolitan.kompas.com/read/2020/08/11/13111281/ini-alasan-anji-wawancara-hadi-pranoto-soal-klaim-temuan-obat-covid-19
2020-08-11_ko_0226,2020-08-11,"Meriahkan 17 Agustus di Masa Pandemi, Pemkot Tangerang Gelar Lomba Joget Balon Online",Kompas,https://megapolitan.kompas.com/read/2020/08/11/13054251/meriahkan-17-agustus-di-masa-pandemi-pemkot-tangerang-gelar-lomba-joget
2020-08-11_ko_0227,2020-08-11,"Tanggapi Unjuk Rasa Forum Banjir Bandang, Bupati Luwu Utara Siap Berdiskusi",Kompas,https://regional.kompas.com/read/2020/08/11/13050791/tanggapi-unjuk-rasa-forum-banjir-bandang-bupati-luwu-utara-siap-berdiskusi
2020-08-11_ko_0228,2020-08-11,Pria Ini Dibunuh dengan Raket Nyamuk karena Dituduh Kirim Santet ke Keluarga Pelaku,Kompas,https://regional.kompas.com/read/2020/08/11/13022251/pria-ini-dibunuh-dengan-raket-nyamuk-karena-dituduh-kirim-santet-ke-keluarga
2020-08-11_ko_0229,2020-08-11,Wali Kota Tangerang Bantah Bakal Buka Sekolah September 2020,Kompas,https://megapolitan.kompas.com/read/2020/08/11/13004931/wali-kota-tangerang-bantah-bakal-buka-sekolah-september-2020
2020-08-11_ko_0230,2020-08-11,4 Tenaga Medis di Tanjungpinang Terpapar Virus Corona,Kompas,https://regional.kompas.com/read/2020/08/11/12552481/4-tenaga-medis-di-tanjungpinang-terpapar-virus-corona
2020-08-11_ko_0231,2020-08-11,44 Perusahaan di Jakarta Ditutup Sementara karena Ada Kasus Covid-19,Kompas,https://megapolitan.kompas.com/read/2020/08/11/12550821/44-perusahaan-di-jakarta-ditutup-sementara-karena-ada-kasus-covid-19
2020-08-11_ko_0232,2020-08-11,"Habiskan Rp 141,082 Miliar, Ini Bangunan Terdampak Kerusuhan Papua yang Sudah Direkontruksi",Kompas,https://regional.kompas.com/read/2020/08/11/12534731/habiskan-rp-141082-miliar-ini-bangunan-terdampak-kerusuhan-papua-yang-sudah
2020-08-11_ko_0233,2020-08-11,"Dikendalikan Napi Pekanbaru, 3 Penyelundup Narkoba Ditangkap di Perbatasan",Kompas,https://regional.kompas.com/read/2020/08/11/12484111/dikendalikan-napi-pekanbaru-3-penyelundup-narkoba-ditangkap-di-perbatasan
2020-08-11_ko_0234,2020-08-11, Vaksin Merah Putih Selesai Pertengahan 2021,Kompas,https://nasional.kompas.com/read/2020/08/11/12463231/jokowi-vaksin-merah-putih-selesai-pertengahan-2021
2020-08-11_ko_0235,2020-08-11,"Tak Bisa Seenaknya, Pemanggilan-Penahanan Jaksa Kini Harus Izin Jaksa Agung",Kompas,https://nasional.kompas.com/read/2020/08/11/12441151/tak-bisa-seenaknya-pemanggilan-penahanan-jaksa-kini-harus-izin-jaksa-agung
2020-08-11_ko_0236,2020-08-11,Bareskrim Gelar Perkara Dugaan Korupsi Red Notice Djoko Tjandra Akhir Pekan Ini,Kompas,https://nasional.kompas.com/read/2020/08/11/12392301/bareskrim-gelar-perkara-dugaan-korupsi-red-notice-djoko-tjandra-akhir-pekan
2020-08-11_ko_0237,2020-08-11,Dinas Pertanian Muaro Jambi Khawatirkan Dampak Pembangunan Stockpile Batu Bara,Kompas,https://regional.kompas.com/read/2020/08/11/12365991/dinas-pertanian-muaro-jambi-khawatirkan-dampak-pembangunan-stockpile-batu
2020-08-11_ko_0238,2020-08-11,Menteri PPPA: Orangtua Beri Contoh Keteladanan Pancasila untuk Anak,Kompas,https://nasional.kompas.com/read/2020/08/11/12345021/menteri-pppa-orangtua-beri-contoh-keteladanan-pancasila-untuk-anak
2020-08-11_ko_0239,2020-08-11,Kesaksian Warga yang Melihat Penampakan Awan Tsunami di Meulaboh: Menakutkan Sekali...,Kompas,https://regional.kompas.com/read/2020/08/11/12323041/kesaksian-warga-yang-melihat-penampakan-awan-tsunami-di-meulaboh-menakutkan
2020-08-11_ko_0240,2020-08-11,"75 Paslon Pilkada yang Diusung PDI-P, Termasuk Menantu Jokowi dan Keponakan Prabowo",Kompas,https://nasional.kompas.com/read/2020/08/11/12315921/75-paslon-pilkada-yang-diusung-pdi-p-termasuk-menantu-jokowi-dan-keponakan
2020-08-11_ko_0241,2020-08-11,Polisi Tembak 2 Bandar Narkoba Bersenjata Api di Jambi,Kompas,https://regional.kompas.com/read/2020/08/11/12235091/polisi-tembak-2-bandar-narkoba-bersenjata-api-di-jambi
2020-08-11_ko_0242,2020-08-11,Alasan Ibu Pura-pura Temukan Bayi Terlantar yang Ternyata Anaknya Sendiri...,Kompas,https://megapolitan.kompas.com/read/2020/08/11/12221321/alasan-ibu-pura-pura-temukan-bayi-terlantar-yang-ternyata-anaknya-sendiri
2020-08-11_ko_0243,2020-08-11,"Sempat Ditutup karena Covid-19, Hari Ini PN Jakbar Kembali Gelar Persidangan",Kompas,https://megapolitan.kompas.com/read/2020/08/11/12212811/sempat-ditutup-karena-covid-19-hari-ini-pn-jakbar-kembali-gelar
2020-08-11_ko_0244,2020-08-11,Satu Anggota DPRD dan Dua Pelajar di Ketapang Positif Covid-19,Kompas,https://regional.kompas.com/read/2020/08/11/12204631/satu-anggota-dprd-dan-dua-pelajar-di-ketapang-positif-covid-19
2020-08-11_ko_0245,2020-08-11,Jokowi Saksikan Penyuntikan Calon Vaksin Covid-19 ke Relawan,Kompas,https://nasional.kompas.com/read/2020/08/11/12172161/jokowi-saksikan-penyuntikan-calon-vaksin-covid-19-ke-relawan
2020-08-11_ko_0246,2020-08-11,"Ridwan Kamil: Penduduk Hampir 50 Juta, Jabar Paling Rawan Covid-19",Kompas,https://regional.kompas.com/read/2020/08/11/12140901/ridwan-kamil-penduduk-hampir-50-juta-jabar-paling-rawan-covid-19
2020-08-11_ko_0247,2020-08-11,"Hari Pertama Uji Vaksin Covid-19, Petugas dan Peserta Dipastikan Negatif",Kompas,https://regional.kompas.com/read/2020/08/11/12140301/hari-pertama-uji-vaksin-covid-19-petugas-dan-peserta-dipastikan-negatif
2020-08-11_ko_0248,2020-08-11,"SMP di Brebes Gelar KBM Tatap Muka ""Diam-diam"", Demi Bantu Siswa Tak Mampu",Kompas,https://regional.kompas.com/read/2020/08/11/12133601/smp-di-brebes-gelar-kbm-tatap-muka-diam-diam-demi-bantu-siswa-tak-mampu
2020-08-11_ko_0249,2020-08-11,Ridwan Kamil Minta Dukungan Jokowi soal Tes Covid-19 di Jabar,Kompas,https://nasional.kompas.com/read/2020/08/11/12123231/ridwan-kamil-minta-dukungan-jokowi-soal-tes-covid-19-di-jabar
2020-08-11_ko_0250,2020-08-11,"Permukiman Kerap Diterjang Banjir Bandang, Warga Sigi Siap Direlokasi",Kompas,https://regional.kompas.com/read/2020/08/11/12085391/permukiman-kerap-diterjang-banjir-bandang-warga-sigi-siap-direlokasi
2020-08-11_ko_0251,2020-08-11,"Cegah Ada Korban lagi, Gunung Piramid Ditutup, Perhutani Siapkan Penjaga",Kompas,https://regional.kompas.com/read/2020/08/11/12014721/cegah-ada-korban-lagi-gunung-piramid-ditutup-perhutani-siapkan-penjaga
2020-08-11_ko_0252,2020-08-11,Anji Mengaku Pegal Usai Dicecar 45 Pertanyaan oleh Polisi,Kompas,https://megapolitan.kompas.com/read/2020/08/11/12011831/anji-mengaku-pegal-usai-dicecar-45-pertanyaan-oleh-polisi
2020-08-11_ko_0253,2020-08-11," RSD Wisma Atlet Rawat 1.205 Pasien Covid-19, RSKI Pulau Galang 71",Kompas,https://nasional.kompas.com/read/2020/08/11/12004591/update-rsd-wisma-atlet-rawat-1205-pasien-covid-19-rski-pulau-galang-71
2020-08-11_ko_0254,2020-08-11,Pasangan Ini Menikah dengan Maskawin Bendera Merah Putih,Kompas,https://regional.kompas.com/read/2020/08/11/11592291/pasangan-ini-menikah-dengan-maskawin-bendera-merah-putih
2020-08-11_ko_0255,2020-08-11,"Lagi, Polisi Korban Tenggelamnya Kapal Patroli di Kaltara Ditemukan",Kompas,https://regional.kompas.com/read/2020/08/11/11565731/lagi-polisi-korban-tenggelamnya-kapal-patroli-di-kaltara-ditemukan
2020-08-11_ko_0256,2020-08-11," Tambah 3 Sembuh, Pasien Covid-19 Klaster Secapa AD Tinggal 64 Orang",Kompas,https://nasional.kompas.com/read/2020/08/11/11541911/update-tambah-3-sembuh-pasien-covid-19-klaster-secapa-ad-tinggal-64-orang
2020-08-11_ko_0257,2020-08-11,PDI-P Resmi Usung Ponakan Prabowo di Pilkada Tangsel,Kompas,https://regional.kompas.com/read/2020/08/11/11512491/pdi-p-resmi-usung-ponakan-prabowo-di-pilkada-tangsel
2020-08-11_ko_0258,2020-08-11,Muhamad-Sara Resmi Direkomendasikan sebagai Bakal Calon Kepala Daerah di Pilkada Tangsel,Kompas,https://megapolitan.kompas.com/read/2020/08/11/11510811/muhamad-sara-resmi-direkomendasikan-sebagai-bakal-calon-kepala-daerah-di
2020-08-11_ko_0259,2020-08-11,"Dana Rp 170 Triliun Masih di Bank, Jokowi Minta Kepala Daerah Segera Belanjakan APBD",Kompas,https://regional.kompas.com/read/2020/08/11/11464461/dana-rp-170-triliun-masih-di-bank-jokowi-minta-kepala-daerah-segera
2020-08-11_ko_0260,2020-08-11,"Diusung PDI-P di Pilkada Medan, Bobby Nasution Janjikan Hal Ini",Kompas,https://nasional.kompas.com/read/2020/08/11/11452931/diusung-pdi-p-di-pilkada-medan-bobby-nasution-janjikan-hal-ini
2020-08-11_ko_0261,2020-08-11,"Hari Pertama Penerapan Sanksi Ganjil Genap, 1.062 Mobil Ditilang",Kompas,https://megapolitan.kompas.com/read/2020/08/11/11395991/hari-pertama-penerapan-sanksi-ganjil-genap-1062-mobil-ditilang
2020-08-11_ko_0262,2020-08-11,"Pasca-kebakaran, Pedagang Pasar di Cianjur Mengais Barang di Antara Puing-puing",Kompas,https://regional.kompas.com/read/2020/08/11/11391841/pasca-kebakaran-pedagang-pasar-di-cianjur-mengais-barang-di-antara-puing
2020-08-11_ko_0263,2020-08-11,"Diminta Akar Rumput Maju di Pilkada Kota Pasuruan, Ini Jawaban Gus Ipul",Kompas,https://regional.kompas.com/read/2020/08/11/11381831/diminta-akar-rumput-maju-di-pilkada-kota-pasuruan-ini-jawaban-gus-ipul
2020-08-11_ko_0264,2020-08-11,Ganjar Sebut Kabupaten Brebes Paling Rendah Gelar Tes Covid-19,Kompas,https://regional.kompas.com/read/2020/08/11/11375051/ganjar-sebut-kabupaten-brebes-paling-rendah-gelar-tes-covid-19
2020-08-11_ko_0265,2020-08-11,Alasan 2 Remaja Nekat Membobol Masjid untuk Mencuri Kipas Angin,Kompas,https://regional.kompas.com/read/2020/08/11/11371911/alasan-2-remaja-nekat-membobol-masjid-untuk-mencuri-kipas-angin
2020-08-11_ko_0266,2020-08-11,Jokowi Akui Butuh Kerja Keras untuk Hindari Resesi Ekonomi,Kompas,https://nasional.kompas.com/read/2020/08/11/11355441/jokowi-akui-butuh-kerja-keras-untuk-hindari-resesi-ekonomi
2020-08-11_ko_0267,2020-08-11,"Pertumbuhan Ekonomi Minus, Jokowi Minta Masyarakat Tetap Bersyukur",Kompas,https://nasional.kompas.com/read/2020/08/11/11330351/pertumbuhan-ekonomi-minus-jokowi-minta-masyarakat-tetap-bersyukur
2020-08-11_ko_0268,2020-08-11,"UPDATE 11 Agustus: Tambah 6 Orang, Total 860 WNI sembuh dari Covid-19 di Luar Negeri",Kompas,https://nasional.kompas.com/read/2020/08/11/11301031/update-11-agustus-tambah-6-orang-total-860-wni-sembuh-dari-covid-19-di-luar
2020-08-11_ko_0269,2020-08-11,"Kasus Covid-19 di RS Azra, Pemkot Bogor Enggan Berdebat soal Hasil Pemeriksaan",Kompas,https://megapolitan.kompas.com/read/2020/08/11/11251111/kasus-covid-19-di-rs-azra-pemkot-bogor-enggan-berdebat-soal-hasil
2020-08-11_ko_0270,2020-08-11,Protokol Kesehatan akan Diterapkan pada Sidang Tahunan MPR 14 Agustus,Kompas,https://nasional.kompas.com/read/2020/08/11/11243671/protokol-kesehatan-akan-diterapkan-pada-sidang-tahunan-mpr-14-agustus
2020-08-11_ko_0271,2020-08-11,KPK Telusuri Aliran Dana dalam Kasus Proyek Fiktif Waskita Karya,Kompas,https://nasional.kompas.com/read/2020/08/11/11232931/kpk-telusuri-aliran-dana-dalam-kasus-proyek-fiktif-waskita-karya
2020-08-11_ko_0272,2020-08-11,"Mulai Aktivitas Sekolah Tatap Muka, Guru SMP di Padang Panjang Tes Swab",Kompas,https://regional.kompas.com/read/2020/08/11/11205141/mulai-aktivitas-sekolah-tatap-muka-guru-smp-di-padang-panjang-tes-swab
2020-08-11_ko_0273,2020-08-11,"Alasan demi Keluarga, Rully Bersikukuh Gugat Sang Ibu agar Harta Warisan Dibagikan",Kompas,https://regional.kompas.com/read/2020/08/11/11200021/alasan-demi-keluarga-rully-bersikukuh-gugat-sang-ibu-agar-harta-warisan
2020-08-11_ko_0274,2020-08-11,PDI-P Resmi Usung Bobby Nasution-Aulia Rahman pada Pilkada Medan,Kompas,https://nasional.kompas.com/read/2020/08/11/11180661/pdi-p-resmi-usung-bobby-nasution-aulia-rahman-pada-pilkada-medan
2020-08-11_ko_0275,2020-08-11,"Pasutri Korban Tol Cipali, Merantau Setahun di Jakarta, Pulang untuk Khitankan Anak Semata Wayang",Kompas,https://regional.kompas.com/read/2020/08/11/11141551/pasutri-korban-tol-cipali-merantau-setahun-di-jakarta-pulang-untuk-khitankan
2020-08-11_ko_0276,2020-08-11,Menteri PPPA: Banyak Kasus Kekerasan Perempuan dan Anak Tak Dilaporkan ke Penegak Hukum,Kompas,https://nasional.kompas.com/read/2020/08/11/11115261/menteri-pppa-banyak-kasus-kekerasan-perempuan-dan-anak-tak-dilaporkan-ke
2020-08-11_ko_0277,2020-08-11,KPK Panggil Dua PNS sebagai Saksi Kasus Mantan Sekretaris MA Nurhadi,Kompas,https://nasional.kompas.com/read/2020/08/11/11082191/kpk-panggil-dua-pns-sebagai-saksi-kasus-mantan-sekretaris-ma-nurhadi
2020-08-11_ko_0278,2020-08-11,Kronologi Pria Tikam Kekasih karena Memergoki Korban dengan Laki-laki Lain,Kompas,https://regional.kompas.com/read/2020/08/11/11063671/kronologi-pria-tikam-kekasih-karena-memergoki-korban-dengan-laki-laki-lain
2020-08-11_ko_0279,2020-08-11,"Sah, PDI-P Usung Muhamad-Sara Djojohadikusumo pada Pilkada Tangsel",Kompas,https://nasional.kompas.com/read/2020/08/11/11023091/sah-pdi-p-usung-muhamad-sara-djojohadikusumo-pada-pilkada-tangsel
2020-08-11_ko_0280,2020-08-11,Pimpinan Sebut Independensi KPK Tak Akan Tergerus Hanya karena Gaji,Kompas,https://nasional.kompas.com/read/2020/08/11/10580881/pimpinan-sebut-independensi-kpk-tak-akan-tergerus-hanya-karena-gaji
2020-08-11_ko_0281,2020-08-11,Kasus Covid-19 di Salatiga Didominasi Pasien Suspek,Kompas,https://regional.kompas.com/read/2020/08/11/10555101/kasus-covid-19-di-salatiga-didominasi-pasien-suspek
2020-08-11_ko_0282,2020-08-11,PDI-P Akan Turunkan 120.000 Saksi pada Pilkada 2020,Kompas,https://nasional.kompas.com/read/2020/08/11/10541091/pdi-p-akan-turunkan-120000-saksi-pada-pilkada-2020
2020-08-11_ko_0283,2020-08-11,Gotong Royong Bantu Siswa yang Kesulitan Saat Belajar Jarak Jauh,Kompas,https://nasional.kompas.com/read/2020/08/11/10482501/gotong-royong-bantu-siswa-yang-kesulitan-saat-belajar-jarak-jauh
2020-08-11_ko_0284,2020-08-11,"Mengecam, Menag Sebut Kekerasaan Acara Midodareni di Solo Tindakan Intoleransi",Kompas,https://nasional.kompas.com/read/2020/08/11/10462751/mengecam-menag-sebut-kekerasaan-acara-midodareni-di-solo-tindakan
2020-08-11_ko_0285,2020-08-11,"Razia Masker di Pekanbaru, Pelanggar Pilih Alternatif Selain Denda",Kompas,https://regional.kompas.com/read/2020/08/11/10462381/razia-masker-di-pekanbaru-pelanggar-pilih-alternatif-selain-denda
2020-08-11_ko_0286,2020-08-11,"Seekor Lutung Jawa Ditemukan Mati Tergantung, Tersisa Kulit dan Kepala",Kompas,https://regional.kompas.com/read/2020/08/11/10460201/seekor-lutung-jawa-ditemukan-mati-tergantung-tersisa-kulit-dan-kepala
2020-08-11_ko_0287,2020-08-11,"Fakta Anak Todongkan Pistol ke Ibu Kandung, Diduga Terpengaruh Narkoba hingga Korban Hendak Diperkosa",Kompas,https://regional.kompas.com/read/2020/08/11/10454271/fakta-anak-todongkan-pistol-ke-ibu-kandung-diduga-terpengaruh-narkoba-hingga
2020-08-11_ko_0288,2020-08-11,Pemkot Bekasi Minta Ditjen Perkeretapian Amankan Area Struktur Bata Kuno,Kompas,https://megapolitan.kompas.com/read/2020/08/11/10444071/pemkot-bekasi-minta-ditjen-perkeretapian-amankan-area-struktur-bata-kuno
2020-08-11_ko_0289,2020-08-11,"RSUD Tanjungpinang Terbakar, Dua Bangunan Ludes Dilalap Api",Kompas,https://regional.kompas.com/read/2020/08/11/10435301/rsud-tanjungpinang-terbakar-dua-bangunan-ludes-dilalap-api
2020-08-11_ko_0290,2020-08-11,"Kembali ke Zona Oranye, Pemkot Tangerang Enggan Perketat PSBB Lagi",Kompas,https://megapolitan.kompas.com/read/2020/08/11/10334211/kembali-ke-zona-oranye-pemkot-tangerang-enggan-perketat-psbb-lagi
2020-08-11_ko_0291,2020-08-11,"Divonis 1 Tahun, Terdakwa Korupsi Ajukan Kasasi dan Vonis Ditambah 3 Tahun",Kompas,https://regional.kompas.com/read/2020/08/11/10331891/divonis-1-tahun-terdakwa-korupsi-ajukan-kasasi-dan-vonis-ditambah-3-tahun
2020-08-11_ko_0292,2020-08-11,"Pandemi Covid-19, Pemprov DKI Hanya Menata 11 Kampung Kumuh dari Target 56 RW",Kompas,https://megapolitan.kompas.com/read/2020/08/11/10321351/pandemi-covid-19-pemprov-dki-hanya-menata-11-kampung-kumuh-dari-target-56
2020-08-11_ko_0293,2020-08-11,"325 TKA dari China Masuk ke Bintan, Masyarakat Diminta Tak Khawatir",Kompas,https://regional.kompas.com/read/2020/08/11/10253711/325-tka-dari-china-masuk-ke-bintan-masyarakat-diminta-tak-khawatir
2020-08-11_ko_0294,2020-08-11,"Kunker ke Bandung, Jokowi Tinjau Fasilitas Produksi dan Uji Klinis Vaksin Covid-19",Kompas,https://nasional.kompas.com/read/2020/08/11/10221031/kunker-ke-bandung-jokowi-tinjau-fasilitas-produksi-dan-uji-klinis-vaksin
2020-08-11_ko_0295,2020-08-11,ICW Sayangkan MA Tak Terima PK KPK dalam Perkara Syafruddin Temenggung,Kompas,https://nasional.kompas.com/read/2020/08/11/10190441/icw-sayangkan-ma-tak-terima-pk-kpk-dalam-perkara-syafruddin-temenggung
2020-08-11_ko_0296,2020-08-11,Jalan Dr Sumarno Cakung Berlaku Satu Arah Saat Jam Pulang Kantor,Kompas,https://megapolitan.kompas.com/read/2020/08/11/10143611/jalan-dr-sumarno-cakung-berlaku-satu-arah-saat-jam-pulang-kantor
2020-08-11_ko_0297,2020-08-11,Temuan Bawaslu soal Coklit KPU: Puluhan Ribu Data Pemilih Tak Akurat,Kompas,https://nasional.kompas.com/read/2020/08/11/10133301/temuan-bawaslu-soal-coklit-kpu-puluhan-ribu-data-pemilih-tak-akurat
2020-08-11_ko_0298,2020-08-11,"Seorang Remaja di Indramayu Dibacok Saat Malam Idul Adha, Pelaku 7 Orang",Kompas,https://regional.kompas.com/read/2020/08/11/10133231/seorang-remaja-di-indramayu-dibacok-saat-malam-idul-adha-pelaku-7-orang
2020-08-11_ko_0299,2020-08-11,PDI-P Pecat Plt Wali Kota Medan Akhyar Nasution dari Keanggotaan Partai,Kompas,https://nasional.kompas.com/read/2020/08/11/10121591/pdi-p-pecat-plt-wali-kota-medan-akhyar-nasution-dari-keanggotaan-partai
2020-08-11_ko_0300,2020-08-11,"Banjarbaru Berduka, Selamat Jalan Sang Wali Kota...",Kompas,https://regional.kompas.com/read/2020/08/11/10110041/banjarbaru-berduka-selamat-jalan-sang-wali-kota-
2020-08-11_ko_0301,2020-08-11," Bertambah 2 Kasus, Total 614 Kasus Positif Covid-19 di Kota Bekasi",Kompas,https://megapolitan.kompas.com/read/2020/08/11/10083021/update-bertambah-2-kasus-total-614-kasus-positif-covid-19-di-kota-bekasi
2020-08-11_ko_0302,2020-08-11,Wapres Harap Sistem Pembayaran Digital Syariah Dorong Pengembangan Ekonomi Syariah,Kompas,https://nasional.kompas.com/read/2020/08/11/10055061/wapres-harap-sistem-pembayaran-digital-syariah-dorong-pengembangan-ekonomi
2020-08-11_ko_0303,2020-08-11,"Jaga Kerahasiaan, Agen Detektif Wanita Tidak Punya Akun Media Sosial",Kompas,https://megapolitan.kompas.com/read/2020/08/11/10010251/jaga-kerahasiaan-agen-detektif-wanita-tidak-punya-akun-media-sosial
2020-08-11_ko_0304,2020-08-11,BPBD Keluarkan Peringatan Potensi Angin Puting Beliung di Jakarta,Kompas,https://megapolitan.kompas.com/read/2020/08/11/09593121/bpbd-keluarkan-peringatan-potensi-angin-puting-beliung-di-jakarta
2020-08-11_ko_0305,2020-08-11,"Seorang Ibu di Palmerah Melahirkan Sendirian, lalu Mengaku Menemukan Bayi",Kompas,https://megapolitan.kompas.com/read/2020/08/11/09524431/seorang-ibu-di-palmerah-melahirkan-sendirian-lalu-mengaku-menemukan-bayi
2020-08-11_ko_0306,2020-08-11,Pro dan Kontra Pelibatan TNI dalam Pemberantasan Terorisme,Kompas,https://nasional.kompas.com/read/2020/08/11/09512211/pro-dan-kontra-pelibatan-tni-dalam-pemberantasan-terorisme
2020-08-11_ko_0307,2020-08-11,"Dikira Tidur, Sopir Truk Ditemukan Meninggal di Atas Tangki BBM",Kompas,https://regional.kompas.com/read/2020/08/11/09481101/dikira-tidur-sopir-truk-ditemukan-meninggal-di-atas-tangki-bbm
2020-08-11_ko_0308,2020-08-11,BKD DKI Janjikan Gaji Ke-13 PNS Akan Dibayar Penuh Agustus,Kompas,https://megapolitan.kompas.com/read/2020/08/11/09460311/bkd-dki-janjikan-gaji-ke-13-pns-akan-dibayar-penuh-agustus
2020-08-11_ko_0309,2020-08-11,"Ditodong Pistol, Ibu Ini Kabur karena Hendak Diperkosa Anaknya, Pelaku Ditembak",Kompas,https://regional.kompas.com/read/2020/08/11/09441591/ditodong-pistol-ibu-ini-kabur-karena-hendak-diperkosa-anaknya-pelaku
2020-08-11_ko_0310,2020-08-11,"Seorang Warga Tewas Diduga Dibunuh Kelompok MIT, Ini Kronologi Versi Polisi",Kompas,https://nasional.kompas.com/read/2020/08/11/09420591/seorang-warga-tewas-diduga-dibunuh-kelompok-mit-ini-kronologi-versi-polisi
2020-08-11_ko_0311,2020-08-11,Kronologi dan Fakta Kelurahan dengan Kasus Covid-19 Alami Kebakaran,Kompas,https://megapolitan.kompas.com/read/2020/08/11/09265791/kronologi-dan-fakta-kelurahan-dengan-kasus-covid-19-alami-kebakaran
2020-08-11_ko_0312,2020-08-11,"Selasa Pagi Ini, PDI-P Umumkan Lagi 75 Paslon yang Diusung di Pilkada 2020",Kompas,https://nasional.kompas.com/read/2020/08/11/09262311/selasa-pagi-ini-pdi-p-umumkan-lagi-75-paslon-yang-diusung-di-pilkada-2020
2020-08-11_ko_0313,2020-08-11,Saat Dua Pengkritik Jokowi Dapat Bintang Tanda Jasa...,Kompas,https://nasional.kompas.com/read/2020/08/11/09250871/saat-dua-pengkritik-jokowi-dapat-bintang-tanda-jasa
2020-08-11_ko_0314,2020-08-11,Baleg DPR: RUU Cipta Kerja Belum Bisa Rampung Sebelum 17 Agustus 2020,Kompas,https://nasional.kompas.com/read/2020/08/11/09173381/baleg-dpr-ruu-cipta-kerja-belum-bisa-rampung-sebelum-17-agustus-2020
2020-08-11_ko_0315,2020-08-11,Tangis dan Teriakan Warga Sumba Saat 22 Rumah Adat Hangus Terbakar,Kompas,https://regional.kompas.com/read/2020/08/11/09145841/tangis-dan-teriakan-warga-sumba-saat-22-rumah-adat-hangus-terbakar
2020-08-11_ko_0316,2020-08-11,Mengapa Marak Klaim Obat Covid-19?,Kompas,https://nasional.kompas.com/read/2020/08/11/09131671/mengapa-marak-klaim-obat-covid-19
2020-08-11_ko_0317,2020-08-11,"Satu Pegawai Giant Margo City Positif Covid-19, Ini Respons Pemkot Depok",Kompas,https://megapolitan.kompas.com/read/2020/08/11/09104891/satu-pegawai-giant-margo-city-positif-covid-19-ini-respons-pemkot-depok
2020-08-11_ko_0318,2020-08-11,Pergub Penggunaan Kantong Belanja Ramah Lingkungan Disebut Perlu Dikaji Ulang,Kompas,https://megapolitan.kompas.com/read/2020/08/11/09103911/pergub-penggunaan-kantong-belanja-ramah-lingkungan-disebut-perlu-dikaji
2020-08-11_ko_0319,2020-08-11,Sekolah di DIY Belum Siap Gelar Belajar Tatap Muka,Kompas,https://regional.kompas.com/read/2020/08/11/09080481/sekolah-di-diy-belum-siap-gelar-belajar-tatap-muka
2020-08-11_ko_0320,2020-08-11,"Sepekan Ganjil Genap, Penumpang Angkutan Umum Naik 6 Persen",Kompas,https://megapolitan.kompas.com/read/2020/08/11/09042761/sepekan-ganjil-genap-penumpang-angkutan-umum-naik-6-persen
2020-08-11_ko_0321,2020-08-11,"Covid-19 di Jawa Barat: Berhasil Ditekan, tapi Harus Tetap Waspada",Kompas,https://nasional.kompas.com/read/2020/08/11/09000891/covid-19-di-jawa-barat-berhasil-ditekan-tapi-harus-tetap-waspada
2020-08-11_ko_0322,2020-08-11,Fakta Terungkapnya Jaringan Penjual Video Pornografi Anak di Jakarta Barat,Kompas,https://megapolitan.kompas.com/read/2020/08/11/08591681/fakta-terungkapnya-jaringan-penjual-video-pornografi-anak-di-jakarta
2020-08-11_ko_0323,2020-08-11,Ini Dugaan Penyebab Kecelakaan Maut di Tol Cipali,Kompas,https://regional.kompas.com/read/2020/08/11/08564371/ini-dugaan-penyebab-kecelakaan-maut-di-tol-cipali
2020-08-11_ko_0324,2020-08-11,4 Fakta Penangkapan Dokter Gigi Gadungan di Bekasi,Kompas,https://megapolitan.kompas.com/read/2020/08/11/08523491/4-fakta-penangkapan-dokter-gigi-gadungan-di-bekasi
2020-08-11_ko_0325,2020-08-11,"Banyak Kantor Tak Patuhi Aturan 50 Persen Pegawai Bekerja, Pemprov DKI Sebut Faktor Kejar Target",Kompas,https://megapolitan.kompas.com/read/2020/08/11/08450001/banyak-kantor-tak-patuhi-aturan-50-persen-pegawai-bekerja-pemprov-dki
2020-08-11_ko_0326,2020-08-11,Kenaikan Iuran BPJS Kesehatan dan Beban yang Makin Berat...,Kompas,https://nasional.kompas.com/read/2020/08/11/08373511/kenaikan-iuran-bpjs-kesehatan-dan-beban-yang-makin-berat
2020-08-11_ko_0327,2020-08-11,Waktu Bekerja dari Rumah bagi ASN di Kepri Ditambah Satu Pekan,Kompas,https://regional.kompas.com/read/2020/08/11/08315371/waktu-bekerja-dari-rumah-bagi-asn-di-kepri-ditambah-satu-pekan
2020-08-11_ko_0328,2020-08-11,TACB Minta Pemkot Bekasi Hentikan Proses Pembongkaran Struktur Bata yang Diduga Cagar Budaya,Kompas,https://megapolitan.kompas.com/read/2020/08/11/08312021/tacb-minta-pemkot-bekasi-hentikan-proses-pembongkaran-struktur-bata-yang
2020-08-11_ko_0329,2020-08-11,"Tahu Warisan Tak Boleh Dibagikan, Mengapa Anak di Lombok Masih Coba Gugat Ibunya?",Kompas,https://regional.kompas.com/read/2020/08/11/08230671/tahu-warisan-tak-boleh-dibagikan-mengapa-anak-di-lombok-masih-coba-gugat
2020-08-11_ko_0330,2020-08-11,"127.083 Kasus Covid-19 di Indonesia, DKI Masih Catat Kasus Terbanyak",Kompas,https://nasional.kompas.com/read/2020/08/11/08224641/127083-kasus-covid-19-di-indonesia-dki-masih-catat-kasus-terbanyak
2020-08-11_ko_0331,2020-08-11,"Wifi Gratis untuk Sekolah Daring, Wali Kota Jakbar Harap Banyak Pihak Membantu",Kompas,https://megapolitan.kompas.com/read/2020/08/11/08215201/wifi-gratis-untuk-sekolah-daring-wali-kota-jakbar-harap-banyak-pihak
2020-08-11_ko_0332,2020-08-11,"Peringati HUT Ke-75 RI, Bupati Wonogiri Perbolehkan Warganya Gelar Tirakatan",Kompas,https://regional.kompas.com/read/2020/08/11/08142481/peringati-hut-ke-75-ri-bupati-wonogiri-perbolehkan-warganya-gelar-tirakatan
2020-08-11_ko_0333,2020-08-11,"Gugatan Kenaikan Tarif BPJS Ditolak MA, Pemohon Bakal Tagih Janji DPR",Kompas,https://nasional.kompas.com/read/2020/08/11/08140751/gugatan-kenaikan-tarif-bpjs-ditolak-ma-pemohon-bakal-tagih-janji-dpr
2020-08-11_ko_0334,2020-08-11,Babak Baru Kasus Pemerkosaan Perempuan Bangun Tidur di Bintaro Setelah Viral di Media Sosial,Kompas,https://megapolitan.kompas.com/read/2020/08/11/08091561/babak-baru-kasus-pemerkosaan-perempuan-bangun-tidur-di-bintaro-setelah
2020-08-11_ko_0335,2020-08-11,Alih Status Pegawai dan Kekhawatiran Terkikisnya Independensi KPK,Kompas,https://nasional.kompas.com/read/2020/08/11/08081651/alih-status-pegawai-dan-kekhawatiran-terkikisnya-independensi-kpk
2020-08-11_ko_0336,2020-08-11,Fakta Petugas Diusir dan Dipaksa Lepas APD Saat Makamkan Pasien Probable Covid-19 di Bekasi,Kompas,https://megapolitan.kompas.com/read/2020/08/11/07532091/fakta-petugas-diusir-dan-dipaksa-lepas-apd-saat-makamkan-pasien-probable
2020-08-11_ko_0337,2020-08-11,Petani di Muaro Jambi Protes Keberadaan Stockpile Batu Bara,Kompas,https://regional.kompas.com/read/2020/08/11/07443031/petani-di-muaro-jambi-protes-keberadaan-stockpile-batu-bara
2020-08-11_ko_0338,2020-08-11,Ibu Ningsih Menangis Digugat Anaknya Hanya karena Dilarang Membuat Dapur,Kompas,https://regional.kompas.com/read/2020/08/11/07392041/ibu-ningsih-menangis-digugat-anaknya-hanya-karena-dilarang-membuat-dapur
2020-08-11_ko_0339,2020-08-11, Dalih Polisi Baru Tangkap Pemerkosa di Bintaro Setelah Viral | 28 RW Zona Merah di Bekasi,Kompas,https://megapolitan.kompas.com/read/2020/08/11/07391021/populer-jabodetabek-dalih-polisi-baru-tangkap-pemerkosa-di-bintaro
2020-08-11_ko_0340,2020-08-11,Lima Fakta Sidang Perdana Putra Siregar: Beli Ponsel Ilegal hingga Penyitaan,Kompas,https://megapolitan.kompas.com/read/2020/08/11/07265371/lima-fakta-sidang-perdana-putra-siregar-beli-ponsel-ilegal-hingga
2020-08-11_ko_0341,2020-08-11,"Gara-gara Tak Diizinkan Membuat Dapur, Anak Gugat Ibunya agar Harta Warisan Dibagikan",Kompas,https://regional.kompas.com/read/2020/08/11/07231321/gara-gara-tak-diizinkan-membuat-dapur-anak-gugat-ibunya-agar-harta-warisan
2020-08-11_ko_0342,2020-08-11,"Sosialisasi Protokol Kesehatan, dari Operasi Darat dan Udara hingga PKK",Kompas,https://nasional.kompas.com/read/2020/08/11/07180231/sosialisasi-protokol-kesehatan-dari-operasi-darat-dan-udara-hingga-pkk
2020-08-11_ko_0343,2020-08-11,Debu Vulkanik Gunung Sinabung Bisa Mencapai Kota Medan,Kompas,https://regional.kompas.com/read/2020/08/11/07172641/debu-vulkanik-gunung-sinabung-bisa-mencapai-kota-medan
2020-08-11_ko_0344,2020-08-11,"Jaga Ketahanan Pangan di Masa Pandemi, ASN di Kota Tangerang Dilatih Berkebun",Kompas,https://megapolitan.kompas.com/read/2020/08/11/07124141/jaga-ketahanan-pangan-di-masa-pandemi-asn-di-kota-tangerang-dilatih
2020-08-11_ko_0345,2020-08-11,"Kebakaran Pasar Rakyat Ciranjang, Plt Bupati Janji Bangun 400 Kios Darurat",Kompas,https://regional.kompas.com/read/2020/08/11/07081721/kebakaran-pasar-rakyat-ciranjang-plt-bupati-janji-bangun-400-kios-darurat
2020-08-11_ko_0346,2020-08-11,"Satu Orangutan Liar Dievakuasi dari Kebun Warga, Diduga Tersesat",Kompas,https://regional.kompas.com/read/2020/08/11/07073381/satu-orangutan-liar-dievakuasi-dari-kebun-warga-diduga-tersesat
2020-08-11_ko_0347,2020-08-11,Kronologi Pengeroyokan 3 Polisi karena Tegur Warga yang Menelepon dengan Suara Keras,Kompas,https://regional.kompas.com/read/2020/08/11/06485621/kronologi-pengeroyokan-3-polisi-karena-tegur-warga-yang-menelepon-dengan
2020-08-11_ko_0348,2020-08-11,Kepala BNPB Sarankan Sosialisasi Protokol Kesehatan Adopsi Kearifan Lokal,Kompas,https://nasional.kompas.com/read/2020/08/11/06461991/kepala-bnpb-sarankan-sosialisasi-protokol-kesehatan-adopsi-kearifan-lokal
2020-08-11_ko_0349,2020-08-11,"Pasien Suspek Covid-19 di Salatiga Meninggal, Hasil Tes Belum Keluar",Kompas,https://regional.kompas.com/read/2020/08/11/06452191/pasien-suspek-covid-19-di-salatiga-meninggal-hasil-tes-belum-keluar
2020-08-11_ko_0350,2020-08-11,11 Kali Kecelakaan di Tol Cipali dengan Model Pindah Jalur Berlawanan,Kompas,https://regional.kompas.com/read/2020/08/11/06354201/11-kali-kecelakaan-di-tol-cipali-dengan-model-pindah-jalur-berlawanan
2020-08-11_ko_0351,2020-08-11, Rencana Pemberian Tanda Jasa Kepada Fadli Zon dan Fahri Hamzah | Penambahan Kasus Covid-19,Kompas,https://nasional.kompas.com/read/2020/08/11/06281631/populer-nasional-rencana-pemberian-tanda-jasa-kepada-fadli-zon-dan-fahri
2020-08-11_ko_0352,2020-08-11, Wali Kota Banjarbaru Meninggal karena Covid-19 | Nenek Disembur Ular Kobra Saat Bangun Tidur,Kompas,https://regional.kompas.com/read/2020/08/11/06270071/populer-nusantara-wali-kota-banjarbaru-meninggal-karena-covid-19-nenek
2020-08-11_ko_0353,2020-08-11,Pemprov DKI Belum Buka Proses Belajar Tatap Muka di Pesantren,Kompas,https://megapolitan.kompas.com/read/2020/08/11/06260411/pemprov-dki-belum-buka-proses-belajar-tatap-muka-di-pesantren
2020-08-11_ko_0354,2020-08-11,Polisi Tangkap 2 Pelaku Pembobolan 14 ATM di Pontianak,Kompas,https://regional.kompas.com/read/2020/08/11/06254791/polisi-tangkap-2-pelaku-pembobolan-14-atm-di-pontianak
2020-08-11_ko_0355,2020-08-11,"Kolega Positif Covid-19, 75 Pegawai Giant Margo City Akan Swab Hari ini",Kompas,https://megapolitan.kompas.com/read/2020/08/11/06190441/kolega-positif-covid-19-75-pegawai-giant-margo-city-akan-swab-hari-ini
2020-08-11_ko_0356,2020-08-11,"Polisi Korban Tenggelamnya Kapal Patroli di Kaltara Ditemukan Gugur, Tersangkut di Pohon Nipah",Kompas,https://regional.kompas.com/read/2020/08/11/06185971/polisi-korban-tenggelamnya-kapal-patroli-di-kaltara-ditemukan-gugur
2020-08-11_ko_0357,2020-08-11,Kepala BNPB: Sinergi Pusat dan Daerah Percepat Penanganan Covid-19,Kompas,https://nasional.kompas.com/read/2020/08/11/06184381/kepala-bnpb-sinergi-pusat-dan-daerah-percepat-penanganan-covid-19
